[32mRun "./5.out"
[0m
68 67 66 65 64 63 62 61
69 12 13 28 29 44 45 60
70 11 14 27 30 43 46 59
71 10 15 26 31 42 47 58
72 9 16 25 32 41 48 57
1 8 17 24 33 40 49 56
2 7 18 23 34 39 50 55
3 6 19 22 35 38 51 54
4 5 20 21 36 37 52 53
2123 2122 2121 2120 2119 2118 2117 2116 2115 2114 2113 2112 2111 2110 2109 2108 2107 2106 2105 2104 2103 2102 2101 2100 2099 2098 2097 2096 2095 2094 2093 2092 2091 2090 2089 2088 2087 2086 2085 2084 2083 2082 2081 2080 2079 2078 2077 2076
2124 2371 2372 2619 2620 2867 2868 3115 3116 3363 3364 3611 3612 3859 3860 4107 4108 4355 4356 4603 4604 4851 4852 5099 5100 5347 5348 5595 5596 5843 5844 91 92 339 340 587 588 835 836 1083 1084 1331 1332 1579 1580 1827 1828 2075
2125 2370 2373 2618 2621 2866 2869 3114 3117 3362 3365 3610 3613 3858 3861 4106 4109 4354 4357 4602 4605 4850 4853 5098 5101 5346 5349 5594 5597 5842 5845 90 93 338 341 586 589 834 837 1082 1085 1330 1333 1578 1581 1826 1829 2074
2126 2369 2374 2617 2622 2865 2870 3113 3118 3361 3366 3609 3614 3857 3862 4105 4110 4353 4358 4601 4606 4849 4854 5097 5102 5345 5350 5593 5598 5841 5846 89 94 337 342 585 590 833 838 1081 1086 1329 1334 1577 1582 1825 1830 2073
2127 2368 2375 2616 2623 2864 2871 3112 3119 3360 3367 3608 3615 3856 3863 4104 4111 4352 4359 4600 4607 4848 4855 5096 5103 5344 5351 5592 5599 5840 5847 88 95 336 343 584 591 832 839 1080 1087 1328 1335 1576 1583 1824 1831 2072
2128 2367 2376 2615 2624 2863 2872 3111 3120 3359 3368 3607 3616 3855 3864 4103 4112 4351 4360 4599 4608 4847 4856 5095 5104 5343 5352 5591 5600 5839 5848 87 96 335 344 583 592 831 840 1079 1088 1327 1336 1575 1584 1823 1832 2071
2129 2366 2377 2614 2625 2862 2873 3110 3121 3358 3369 3606 3617 3854 3865 4102 4113 4350 4361 4598 4609 4846 4857 5094 5105 5342 5353 5590 5601 5838 5849 86 97 334 345 582 593 830 841 1078 1089 1326 1337 1574 1585 1822 1833 2070
2130 2365 2378 2613 2626 2861 2874 3109 3122 3357 3370 3605 3618 3853 3866 4101 4114 4349 4362 4597 4610 4845 4858 5093 5106 5341 5354 5589 5602 5837 5850 85 98 333 346 581 594 829 842 1077 1090 1325 1338 1573 1586 1821 1834 2069
2131 2364 2379 2612 2627 2860 2875 3108 3123 3356 3371 3604 3619 3852 3867 4100 4115 4348 4363 4596 4611 4844 4859 5092 5107 5340 5355 5588 5603 5836 5851 84 99 332 347 580 595 828 843 1076 1091 1324 1339 1572 1587 1820 1835 2068
2132 2363 2380 2611 2628 2859 2876 3107 3124 3355 3372 3603 3620 3851 3868 4099 4116 4347 4364 4595 4612 4843 4860 5091 5108 5339 5356 5587 5604 5835 5852 83 100 331 348 579 596 827 844 1075 1092 1323 1340 1571 1588 1819 1836 2067
2133 2362 2381 2610 2629 2858 2877 3106 3125 3354 3373 3602 3621 3850 3869 4098 4117 4346 4365 4594 4613 4842 4861 5090 5109 5338 5357 5586 5605 5834 5853 82 101 330 349 578 597 826 845 1074 1093 1322 1341 1570 1589 1818 1837 2066
2134 2361 2382 2609 2630 2857 2878 3105 3126 3353 3374 3601 3622 3849 3870 4097 4118 4345 4366 4593 4614 4841 4862 5089 5110 5337 5358 5585 5606 5833 5854 81 102 329 350 577 598 825 846 1073 1094 1321 1342 1569 1590 1817 1838 2065
2135 2360 2383 2608 2631 2856 2879 3104 3127 3352 3375 3600 3623 3848 3871 4096 4119 4344 4367 4592 4615 4840 4863 5088 5111 5336 5359 5584 5607 5832 5855 80 103 328 351 576 599 824 847 1072 1095 1320 1343 1568 1591 1816 1839 2064
2136 2359 2384 2607 2632 2855 2880 3103 3128 3351 3376 3599 3624 3847 3872 4095 4120 4343 4368 4591 4616 4839 4864 5087 5112 5335 5360 5583 5608 5831 5856 79 104 327 352 575 600 823 848 1071 1096 1319 1344 1567 1592 1815 1840 2063
2137 2358 2385 2606 2633 2854 2881 3102 3129 3350 3377 3598 3625 3846 3873 4094 4121 4342 4369 4590 4617 4838 4865 5086 5113 5334 5361 5582 5609 5830 5857 78 105 326 353 574 601 822 849 1070 1097 1318 1345 1566 1593 1814 1841 2062
2138 2357 2386 2605 2634 2853 2882 3101 3130 3349 3378 3597 3626 3845 3874 4093 4122 4341 4370 4589 4618 4837 4866 5085 5114 5333 5362 5581 5610 5829 5858 77 106 325 354 573 602 821 850 1069 1098 1317 1346 1565 1594 1813 1842 2061
2139 2356 2387 2604 2635 2852 2883 3100 3131 3348 3379 3596 3627 3844 3875 4092 4123 4340 4371 4588 4619 4836 4867 5084 5115 5332 5363 5580 5611 5828 5859 76 107 324 355 572 603 820 851 1068 1099 1316 1347 1564 1595 1812 1843 2060
2140 2355 2388 2603 2636 2851 2884 3099 3132 3347 3380 3595 3628 3843 3876 4091 4124 4339 4372 4587 4620 4835 4868 5083 5116 5331 5364 5579 5612 5827 5860 75 108 323 356 571 604 819 852 1067 1100 1315 1348 1563 1596 1811 1844 2059
2141 2354 2389 2602 2637 2850 2885 3098 3133 3346 3381 3594 3629 3842 3877 4090 4125 4338 4373 4586 4621 4834 4869 5082 5117 5330 5365 5578 5613 5826 5861 74 109 322 357 570 605 818 853 1066 1101 1314 1349 1562 1597 1810 1845 2058
2142 2353 2390 2601 2638 2849 2886 3097 3134 3345 3382 3593 3630 3841 3878 4089 4126 4337 4374 4585 4622 4833 4870 5081 5118 5329 5366 5577 5614 5825 5862 73 110 321 358 569 606 817 854 1065 1102 1313 1350 1561 1598 1809 1846 2057
2143 2352 2391 2600 2639 2848 2887 3096 3135 3344 3383 3592 3631 3840 3879 4088 4127 4336 4375 4584 4623 4832 4871 5080 5119 5328 5367 5576 5615 5824 5863 72 111 320 359 568 607 816 855 1064 1103 1312 1351 1560 1599 1808 1847 2056
2144 2351 2392 2599 2640 2847 2888 3095 3136 3343 3384 3591 3632 3839 3880 4087 4128 4335 4376 4583 4624 4831 4872 5079 5120 5327 5368 5575 5616 5823 5864 71 112 319 360 567 608 815 856 1063 1104 1311 1352 1559 1600 1807 1848 2055
2145 2350 2393 2598 2641 2846 2889 3094 3137 3342 3385 3590 3633 3838 3881 4086 4129 4334 4377 4582 4625 4830 4873 5078 5121 5326 5369 5574 5617 5822 5865 70 113 318 361 566 609 814 857 1062 1105 1310 1353 1558 1601 1806 1849 2054
2146 2349 2394 2597 2642 2845 2890 3093 3138 3341 3386 3589 3634 3837 3882 4085 4130 4333 4378 4581 4626 4829 4874 5077 5122 5325 5370 5573 5618 5821 5866 69 114 317 362 565 610 813 858 1061 1106 1309 1354 1557 1602 1805 1850 2053
2147 2348 2395 2596 2643 2844 2891 3092 3139 3340 3387 3588 3635 3836 3883 4084 4131 4332 4379 4580 4627 4828 4875 5076 5123 5324 5371 5572 5619 5820 5867 68 115 316 363 564 611 812 859 1060 1107 1308 1355 1556 1603 1804 1851 2052
2148 2347 2396 2595 2644 2843 2892 3091 3140 3339 3388 3587 3636 3835 3884 4083 4132 4331 4380 4579 4628 4827 4876 5075 5124 5323 5372 5571 5620 5819 5868 67 116 315 364 563 612 811 860 1059 1108 1307 1356 1555 1604 1803 1852 2051
2149 2346 2397 2594 2645 2842 2893 3090 3141 3338 3389 3586 3637 3834 3885 4082 4133 4330 4381 4578 4629 4826 4877 5074 5125 5322 5373 5570 5621 5818 5869 66 117 314 365 562 613 810 861 1058 1109 1306 1357 1554 1605 1802 1853 2050
2150 2345 2398 2593 2646 2841 2894 3089 3142 3337 3390 3585 3638 3833 3886 4081 4134 4329 4382 4577 4630 4825 4878 5073 5126 5321 5374 5569 5622 5817 5870 65 118 313 366 561 614 809 862 1057 1110 1305 1358 1553 1606 1801 1854 2049
2151 2344 2399 2592 2647 2840 2895 3088 3143 3336 3391 3584 3639 3832 3887 4080 4135 4328 4383 4576 4631 4824 4879 5072 5127 5320 5375 5568 5623 5816 5871 64 119 312 367 560 615 808 863 1056 1111 1304 1359 1552 1607 1800 1855 2048
2152 2343 2400 2591 2648 2839 2896 3087 3144 3335 3392 3583 3640 3831 3888 4079 4136 4327 4384 4575 4632 4823 4880 5071 5128 5319 5376 5567 5624 5815 5872 63 120 311 368 559 616 807 864 1055 1112 1303 1360 1551 1608 1799 1856 2047
2153 2342 2401 2590 2649 2838 2897 3086 3145 3334 3393 3582 3641 3830 3889 4078 4137 4326 4385 4574 4633 4822 4881 5070 5129 5318 5377 5566 5625 5814 5873 62 121 310 369 558 617 806 865 1054 1113 1302 1361 1550 1609 1798 1857 2046
2154 2341 2402 2589 2650 2837 2898 3085 3146 3333 3394 3581 3642 3829 3890 4077 4138 4325 4386 4573 4634 4821 4882 5069 5130 5317 5378 5565 5626 5813 5874 61 122 309 370 557 618 805 866 1053 1114 1301 1362 1549 1610 1797 1858 2045
2155 2340 2403 2588 2651 2836 2899 3084 3147 3332 3395 3580 3643 3828 3891 4076 4139 4324 4387 4572 4635 4820 4883 5068 5131 5316 5379 5564 5627 5812 5875 60 123 308 371 556 619 804 867 1052 1115 1300 1363 1548 1611 1796 1859 2044
2156 2339 2404 2587 2652 2835 2900 3083 3148 3331 3396 3579 3644 3827 3892 4075 4140 4323 4388 4571 4636 4819 4884 5067 5132 5315 5380 5563 5628 5811 5876 59 124 307 372 555 620 803 868 1051 1116 1299 1364 1547 1612 1795 1860 2043
2157 2338 2405 2586 2653 2834 2901 3082 3149 3330 3397 3578 3645 3826 3893 4074 4141 4322 4389 4570 4637 4818 4885 5066 5133 5314 5381 5562 5629 5810 5877 58 125 306 373 554 621 802 869 1050 1117 1298 1365 1546 1613 1794 1861 2042
2158 2337 2406 2585 2654 2833 2902 3081 3150 3329 3398 3577 3646 3825 3894 4073 4142 4321 4390 4569 4638 4817 4886 5065 5134 5313 5382 5561 5630 5809 5878 57 126 305 374 553 622 801 870 1049 1118 1297 1366 1545 1614 1793 1862 2041
2159 2336 2407 2584 2655 2832 2903 3080 3151 3328 3399 3576 3647 3824 3895 4072 4143 4320 4391 4568 4639 4816 4887 5064 5135 5312 5383 5560 5631 5808 5879 56 127 304 375 552 623 800 871 1048 1119 1296 1367 1544 1615 1792 1863 2040
2160 2335 2408 2583 2656 2831 2904 3079 3152 3327 3400 3575 3648 3823 3896 4071 4144 4319 4392 4567 4640 4815 4888 5063 5136 5311 5384 5559 5632 5807 5880 55 128 303 376 551 624 799 872 1047 1120 1295 1368 1543 1616 1791 1864 2039
2161 2334 2409 2582 2657 2830 2905 3078 3153 3326 3401 3574 3649 3822 3897 4070 4145 4318 4393 4566 4641 4814 4889 5062 5137 5310 5385 5558 5633 5806 5881 54 129 302 377 550 625 798 873 1046 1121 1294 1369 1542 1617 1790 1865 2038
2162 2333 2410 2581 2658 2829 2906 3077 3154 3325 3402 3573 3650 3821 3898 4069 4146 4317 4394 4565 4642 4813 4890 5061 5138 5309 5386 5557 5634 5805 5882 53 130 301 378 549 626 797 874 1045 1122 1293 1370 1541 1618 1789 1866 2037
2163 2332 2411 2580 2659 2828 2907 3076 3155 3324 3403 3572 3651 3820 3899 4068 4147 4316 4395 4564 4643 4812 4891 5060 5139 5308 5387 5556 5635 5804 5883 52 131 300 379 548 627 796 875 1044 1123 1292 1371 1540 1619 1788 1867 2036
2164 2331 2412 2579 2660 2827 2908 3075 3156 3323 3404 3571 3652 3819 3900 4067 4148 4315 4396 4563 4644 4811 4892 5059 5140 5307 5388 5555 5636 5803 5884 51 132 299 380 547 628 795 876 1043 1124 1291 1372 1539 1620 1787 1868 2035
2165 2330 2413 2578 2661 2826 2909 3074 3157 3322 3405 3570 3653 3818 3901 4066 4149 4314 4397 4562 4645 4810 4893 5058 5141 5306 5389 5554 5637 5802 5885 50 133 298 381 546 629 794 877 1042 1125 1290 1373 1538 1621 1786 1869 2034
2166 2329 2414 2577 2662 2825 2910 3073 3158 3321 3406 3569 3654 3817 3902 4065 4150 4313 4398 4561 4646 4809 4894 5057 5142 5305 5390 5553 5638 5801 5886 49 134 297 382 545 630 793 878 1041 1126 1289 1374 1537 1622 1785 1870 2033
2167 2328 2415 2576 2663 2824 2911 3072 3159 3320 3407 3568 3655 3816 3903 4064 4151 4312 4399 4560 4647 4808 4895 5056 5143 5304 5391 5552 5639 5800 5887 48 135 296 383 544 631 792 879 1040 1127 1288 1375 1536 1623 1784 1871 2032
2168 2327 2416 2575 2664 2823 2912 3071 3160 3319 3408 3567 3656 3815 3904 4063 4152 4311 4400 4559 4648 4807 4896 5055 5144 5303 5392 5551 5640 5799 5888 47 136 295 384 543 632 791 880 1039 1128 1287 1376 1535 1624 1783 1872 2031
2169 2326 2417 2574 2665 2822 2913 3070 3161 3318 3409 3566 3657 3814 3905 4062 4153 4310 4401 4558 4649 4806 4897 5054 5145 5302 5393 5550 5641 5798 5889 46 137 294 385 542 633 790 881 1038 1129 1286 1377 1534 1625 1782 1873 2030
2170 2325 2418 2573 2666 2821 2914 3069 3162 3317 3410 3565 3658 3813 3906 4061 4154 4309 4402 4557 4650 4805 4898 5053 5146 5301 5394 5549 5642 5797 5890 45 138 293 386 541 634 789 882 1037 1130 1285 1378 1533 1626 1781 1874 2029
2171 2324 2419 2572 2667 2820 2915 3068 3163 3316 3411 3564 3659 3812 3907 4060 4155 4308 4403 4556 4651 4804 4899 5052 5147 5300 5395 5548 5643 5796 5891 44 139 292 387 540 635 788 883 1036 1131 1284 1379 1532 1627 1780 1875 2028
2172 2323 2420 2571 2668 2819 2916 3067 3164 3315 3412 3563 3660 3811 3908 4059 4156 4307 4404 4555 4652 4803 4900 5051 5148 5299 5396 5547 5644 5795 5892 43 140 291 388 539 636 787 884 1035 1132 1283 1380 1531 1628 1779 1876 2027
2173 2322 2421 2570 2669 2818 2917 3066 3165 3314 3413 3562 3661 3810 3909 4058 4157 4306 4405 4554 4653 4802 4901 5050 5149 5298 5397 5546 5645 5794 5893 42 141 290 389 538 637 786 885 1034 1133 1282 1381 1530 1629 1778 1877 2026
2174 2321 2422 2569 2670 2817 2918 3065 3166 3313 3414 3561 3662 3809 3910 4057 4158 4305 4406 4553 4654 4801 4902 5049 5150 5297 5398 5545 5646 5793 5894 41 142 289 390 537 638 785 886 1033 1134 1281 1382 1529 1630 1777 1878 2025
2175 2320 2423 2568 2671 2816 2919 3064 3167 3312 3415 3560 3663 3808 3911 4056 4159 4304 4407 4552 4655 4800 4903 5048 5151 5296 5399 5544 5647 5792 5895 40 143 288 391 536 639 784 887 1032 1135 1280 1383 1528 1631 1776 1879 2024
2176 2319 2424 2567 2672 2815 2920 3063 3168 3311 3416 3559 3664 3807 3912 4055 4160 4303 4408 4551 4656 4799 4904 5047 5152 5295 5400 5543 5648 5791 5896 39 144 287 392 535 640 783 888 1031 1136 1279 1384 1527 1632 1775 1880 2023
2177 2318 2425 2566 2673 2814 2921 3062 3169 3310 3417 3558 3665 3806 3913 4054 4161 4302 4409 4550 4657 4798 4905 5046 5153 5294 5401 5542 5649 5790 5897 38 145 286 393 534 641 782 889 1030 1137 1278 1385 1526 1633 1774 1881 2022
2178 2317 2426 2565 2674 2813 2922 3061 3170 3309 3418 3557 3666 3805 3914 4053 4162 4301 4410 4549 4658 4797 4906 5045 5154 5293 5402 5541 5650 5789 5898 37 146 285 394 533 642 781 890 1029 1138 1277 1386 1525 1634 1773 1882 2021
2179 2316 2427 2564 2675 2812 2923 3060 3171 3308 3419 3556 3667 3804 3915 4052 4163 4300 4411 4548 4659 4796 4907 5044 5155 5292 5403 5540 5651 5788 5899 36 147 284 395 532 643 780 891 1028 1139 1276 1387 1524 1635 1772 1883 2020
2180 2315 2428 2563 2676 2811 2924 3059 3172 3307 3420 3555 3668 3803 3916 4051 4164 4299 4412 4547 4660 4795 4908 5043 5156 5291 5404 5539 5652 5787 5900 35 148 283 396 531 644 779 892 1027 1140 1275 1388 1523 1636 1771 1884 2019
2181 2314 2429 2562 2677 2810 2925 3058 3173 3306 3421 3554 3669 3802 3917 4050 4165 4298 4413 4546 4661 4794 4909 5042 5157 5290 5405 5538 5653 5786 5901 34 149 282 397 530 645 778 893 1026 1141 1274 1389 1522 1637 1770 1885 2018
2182 2313 2430 2561 2678 2809 2926 3057 3174 3305 3422 3553 3670 3801 3918 4049 4166 4297 4414 4545 4662 4793 4910 5041 5158 5289 5406 5537 5654 5785 5902 33 150 281 398 529 646 777 894 1025 1142 1273 1390 1521 1638 1769 1886 2017
2183 2312 2431 2560 2679 2808 2927 3056 3175 3304 3423 3552 3671 3800 3919 4048 4167 4296 4415 4544 4663 4792 4911 5040 5159 5288 5407 5536 5655 5784 5903 32 151 280 399 528 647 776 895 1024 1143 1272 1391 1520 1639 1768 1887 2016
2184 2311 2432 2559 2680 2807 2928 3055 3176 3303 3424 3551 3672 3799 3920 4047 4168 4295 4416 4543 4664 4791 4912 5039 5160 5287 5408 5535 5656 5783 5904 31 152 279 400 527 648 775 896 1023 1144 1271 1392 1519 1640 1767 1888 2015
2185 2310 2433 2558 2681 2806 2929 3054 3177 3302 3425 3550 3673 3798 3921 4046 4169 4294 4417 4542 4665 4790 4913 5038 5161 5286 5409 5534 5657 5782 5905 30 153 278 401 526 649 774 897 1022 1145 1270 1393 1518 1641 1766 1889 2014
2186 2309 2434 2557 2682 2805 2930 3053 3178 3301 3426 3549 3674 3797 3922 4045 4170 4293 4418 4541 4666 4789 4914 5037 5162 5285 5410 5533 5658 5781 5906 29 154 277 402 525 650 773 898 1021 1146 1269 1394 1517 1642 1765 1890 2013
2187 2308 2435 2556 2683 2804 2931 3052 3179 3300 3427 3548 3675 3796 3923 4044 4171 4292 4419 4540 4667 4788 4915 5036 5163 5284 5411 5532 5659 5780 5907 28 155 276 403 524 651 772 899 1020 1147 1268 1395 1516 1643 1764 1891 2012
2188 2307 2436 2555 2684 2803 2932 3051 3180 3299 3428 3547 3676 3795 3924 4043 4172 4291 4420 4539 4668 4787 4916 5035 5164 5283 5412 5531 5660 5779 5908 27 156 275 404 523 652 771 900 1019 1148 1267 1396 1515 1644 1763 1892 2011
2189 2306 2437 2554 2685 2802 2933 3050 3181 3298 3429 3546 3677 3794 3925 4042 4173 4290 4421 4538 4669 4786 4917 5034 5165 5282 5413 5530 5661 5778 5909 26 157 274 405 522 653 770 901 1018 1149 1266 1397 1514 1645 1762 1893 2010
2190 2305 2438 2553 2686 2801 2934 3049 3182 3297 3430 3545 3678 3793 3926 4041 4174 4289 4422 4537 4670 4785 4918 5033 5166 5281 5414 5529 5662 5777 5910 25 158 273 406 521 654 769 902 1017 1150 1265 1398 1513 1646 1761 1894 2009
2191 2304 2439 2552 2687 2800 2935 3048 3183 3296 3431 3544 3679 3792 3927 4040 4175 4288 4423 4536 4671 4784 4919 5032 5167 5280 5415 5528 5663 5776 5911 24 159 272 407 520 655 768 903 1016 1151 1264 1399 1512 1647 1760 1895 2008
2192 2303 2440 2551 2688 2799 2936 3047 3184 3295 3432 3543 3680 3791 3928 4039 4176 4287 4424 4535 4672 4783 4920 5031 5168 5279 5416 5527 5664 5775 5912 23 160 271 408 519 656 767 904 1015 1152 1263 1400 1511 1648 1759 1896 2007
2193 2302 2441 2550 2689 2798 2937 3046 3185 3294 3433 3542 3681 3790 3929 4038 4177 4286 4425 4534 4673 4782 4921 5030 5169 5278 5417 5526 5665 5774 5913 22 161 270 409 518 657 766 905 1014 1153 1262 1401 1510 1649 1758 1897 2006
2194 2301 2442 2549 2690 2797 2938 3045 3186 3293 3434 3541 3682 3789 3930 4037 4178 4285 4426 4533 4674 4781 4922 5029 5170 5277 5418 5525 5666 5773 5914 21 162 269 410 517 658 765 906 1013 1154 1261 1402 1509 1650 1757 1898 2005
2195 2300 2443 2548 2691 2796 2939 3044 3187 3292 3435 3540 3683 3788 3931 4036 4179 4284 4427 4532 4675 4780 4923 5028 5171 5276 5419 5524 5667 5772 5915 20 163 268 411 516 659 764 907 1012 1155 1260 1403 1508 1651 1756 1899 2004
2196 2299 2444 2547 2692 2795 2940 3043 3188 3291 3436 3539 3684 3787 3932 4035 4180 4283 4428 4531 4676 4779 4924 5027 5172 5275 5420 5523 5668 5771 5916 19 164 267 412 515 660 763 908 1011 1156 1259 1404 1507 1652 1755 1900 2003
2197 2298 2445 2546 2693 2794 2941 3042 3189 3290 3437 3538 3685 3786 3933 4034 4181 4282 4429 4530 4677 4778 4925 5026 5173 5274 5421 5522 5669 5770 5917 18 165 266 413 514 661 762 909 1010 1157 1258 1405 1506 1653 1754 1901 2002
2198 2297 2446 2545 2694 2793 2942 3041 3190 3289 3438 3537 3686 3785 3934 4033 4182 4281 4430 4529 4678 4777 4926 5025 5174 5273 5422 5521 5670 5769 5918 17 166 265 414 513 662 761 910 1009 1158 1257 1406 1505 1654 1753 1902 2001
2199 2296 2447 2544 2695 2792 2943 3040 3191 3288 3439 3536 3687 3784 3935 4032 4183 4280 4431 4528 4679 4776 4927 5024 5175 5272 5423 5520 5671 5768 5919 16 167 264 415 512 663 760 911 1008 1159 1256 1407 1504 1655 1752 1903 2000
2200 2295 2448 2543 2696 2791 2944 3039 3192 3287 3440 3535 3688 3783 3936 4031 4184 4279 4432 4527 4680 4775 4928 5023 5176 5271 5424 5519 5672 5767 5920 15 168 263 416 511 664 759 912 1007 1160 1255 1408 1503 1656 1751 1904 1999
2201 2294 2449 2542 2697 2790 2945 3038 3193 3286 3441 3534 3689 3782 3937 4030 4185 4278 4433 4526 4681 4774 4929 5022 5177 5270 5425 5518 5673 5766 5921 14 169 262 417 510 665 758 913 1006 1161 1254 1409 1502 1657 1750 1905 1998
2202 2293 2450 2541 2698 2789 2946 3037 3194 3285 3442 3533 3690 3781 3938 4029 4186 4277 4434 4525 4682 4773 4930 5021 5178 5269 5426 5517 5674 5765 5922 13 170 261 418 509 666 757 914 1005 1162 1253 1410 1501 1658 1749 1906 1997
2203 2292 2451 2540 2699 2788 2947 3036 3195 3284 3443 3532 3691 3780 3939 4028 4187 4276 4435 4524 4683 4772 4931 5020 5179 5268 5427 5516 5675 5764 5923 12 171 260 419 508 667 756 915 1004 1163 1252 1411 1500 1659 1748 1907 1996
2204 2291 2452 2539 2700 2787 2948 3035 3196 3283 3444 3531 3692 3779 3940 4027 4188 4275 4436 4523 4684 4771 4932 5019 5180 5267 5428 5515 5676 5763 5924 11 172 259 420 507 668 755 916 1003 1164 1251 1412 1499 1660 1747 1908 1995
2205 2290 2453 2538 2701 2786 2949 3034 3197 3282 3445 3530 3693 3778 3941 4026 4189 4274 4437 4522 4685 4770 4933 5018 5181 5266 5429 5514 5677 5762 5925 10 173 258 421 506 669 754 917 1002 1165 1250 1413 1498 1661 1746 1909 1994
2206 2289 2454 2537 2702 2785 2950 3033 3198 3281 3446 3529 3694 3777 3942 4025 4190 4273 4438 4521 4686 4769 4934 5017 5182 5265 5430 5513 5678 5761 5926 9 174 257 422 505 670 753 918 1001 1166 1249 1414 1497 1662 1745 1910 1993
2207 2288 2455 2536 2703 2784 2951 3032 3199 3280 3447 3528 3695 3776 3943 4024 4191 4272 4439 4520 4687 4768 4935 5016 5183 5264 5431 5512 5679 5760 5927 8 175 256 423 504 671 752 919 1000 1167 1248 1415 1496 1663 1744 1911 1992
2208 2287 2456 2535 2704 2783 2952 3031 3200 3279 3448 3527 3696 3775 3944 4023 4192 4271 4440 4519 4688 4767 4936 5015 5184 5263 5432 5511 5680 5759 5928 7 176 255 424 503 672 751 920 999 1168 1247 1416 1495 1664 1743 1912 1991
2209 2286 2457 2534 2705 2782 2953 3030 3201 3278 3449 3526 3697 3774 3945 4022 4193 4270 4441 4518 4689 4766 4937 5014 5185 5262 5433 5510 5681 5758 5929 6 177 254 425 502 673 750 921 998 1169 1246 1417 1494 1665 1742 1913 1990
2210 2285 2458 2533 2706 2781 2954 3029 3202 3277 3450 3525 3698 3773 3946 4021 4194 4269 4442 4517 4690 4765 4938 5013 5186 5261 5434 5509 5682 5757 5930 5 178 253 426 501 674 749 922 997 1170 1245 1418 1493 1666 1741 1914 1989
2211 2284 2459 2532 2707 2780 2955 3028 3203 3276 3451 3524 3699 3772 3947 4020 4195 4268 4443 4516 4691 4764 4939 5012 5187 5260 5435 5508 5683 5756 5931 4 179 252 427 500 675 748 923 996 1171 1244 1419 1492 1667 1740 1915 1988
2212 2283 2460 2531 2708 2779 2956 3027 3204 3275 3452 3523 3700 3771 3948 4019 4196 4267 4444 4515 4692 4763 4940 5011 5188 5259 5436 5507 5684 5755 5932 3 180 251 428 499 676 747 924 995 1172 1243 1420 1491 1668 1739 1916 1987
2213 2282 2461 2530 2709 2778 2957 3026 3205 3274 3453 3522 3701 3770 3949 4018 4197 4266 4445 4514 4693 4762 4941 5010 5189 5258 5437 5506 5685 5754 5933 2 181 250 429 498 677 746 925 994 1173 1242 1421 1490 1669 1738 1917 1986
2214 2281 2462 2529 2710 2777 2958 3025 3206 3273 3454 3521 3702 3769 3950 4017 4198 4265 4446 4513 4694 4761 4942 5009 5190 5257 5438 5505 5686 5753 5934 1 182 249 430 497 678 745 926 993 1174 1241 1422 1489 1670 1737 1918 1985
2215 2280 2463 2528 2711 2776 2959 3024 3207 3272 3455 3520 3703 3768 3951 4016 4199 4264 4447 4512 4695 4760 4943 5008 5191 5256 5439 5504 5687 5752 5935 6000 183 248 431 496 679 744 927 992 1175 1240 1423 1488 1671 1736 1919 1984
2216 2279 2464 2527 2712 2775 2960 3023 3208 3271 3456 3519 3704 3767 3952 4015 4200 4263 4448 4511 4696 4759 4944 5007 5192 5255 5440 5503 5688 5751 5936 5999 184 247 432 495 680 743 928 991 1176 1239 1424 1487 1672 1735 1920 1983
2217 2278 2465 2526 2713 2774 2961 3022 3209 3270 3457 3518 3705 3766 3953 4014 4201 4262 4449 4510 4697 4758 4945 5006 5193 5254 5441 5502 5689 5750 5937 5998 185 246 433 494 681 742 929 990 1177 1238 1425 1486 1673 1734 1921 1982
2218 2277 2466 2525 2714 2773 2962 3021 3210 3269 3458 3517 3706 3765 3954 4013 4202 4261 4450 4509 4698 4757 4946 5005 5194 5253 5442 5501 5690 5749 5938 5997 186 245 434 493 682 741 930 989 1178 1237 1426 1485 1674 1733 1922 1981
2219 2276 2467 2524 2715 2772 2963 3020 3211 3268 3459 3516 3707 3764 3955 4012 4203 4260 4451 4508 4699 4756 4947 5004 5195 5252 5443 5500 5691 5748 5939 5996 187 244 435 492 683 740 931 988 1179 1236 1427 1484 1675 1732 1923 1980
2220 2275 2468 2523 2716 2771 2964 3019 3212 3267 3460 3515 3708 3763 3956 4011 4204 4259 4452 4507 4700 4755 4948 5003 5196 5251 5444 5499 5692 5747 5940 5995 188 243 436 491 684 739 932 987 1180 1235 1428 1483 1676 1731 1924 1979
2221 2274 2469 2522 2717 2770 2965 3018 3213 3266 3461 3514 3709 3762 3957 4010 4205 4258 4453 4506 4701 4754 4949 5002 5197 5250 5445 5498 5693 5746 5941 5994 189 242 437 490 685 738 933 986 1181 1234 1429 1482 1677 1730 1925 1978
2222 2273 2470 2521 2718 2769 2966 3017 3214 3265 3462 3513 3710 3761 3958 4009 4206 4257 4454 4505 4702 4753 4950 5001 5198 5249 5446 5497 5694 5745 5942 5993 190 241 438 489 686 737 934 985 1182 1233 1430 1481 1678 1729 1926 1977
2223 2272 2471 2520 2719 2768 2967 3016 3215 3264 3463 3512 3711 3760 3959 4008 4207 4256 4455 4504 4703 4752 4951 5000 5199 5248 5447 5496 5695 5744 5943 5992 191 240 439 488 687 736 935 984 1183 1232 1431 1480 1679 1728 1927 1976
2224 2271 2472 2519 2720 2767 2968 3015 3216 3263 3464 3511 3712 3759 3960 4007 4208 4255 4456 4503 4704 4751 4952 4999 5200 5247 5448 5495 5696 5743 5944 5991 192 239 440 487 688 735 936 983 1184 1231 1432 1479 1680 1727 1928 1975
2225 2270 2473 2518 2721 2766 2969 3014 3217 3262 3465 3510 3713 3758 3961 4006 4209 4254 4457 4502 4705 4750 4953 4998 5201 5246 5449 5494 5697 5742 5945 5990 193 238 441 486 689 734 937 982 1185 1230 1433 1478 1681 1726 1929 1974
2226 2269 2474 2517 2722 2765 2970 3013 3218 3261 3466 3509 3714 3757 3962 4005 4210 4253 4458 4501 4706 4749 4954 4997 5202 5245 5450 5493 5698 5741 5946 5989 194 237 442 485 690 733 938 981 1186 1229 1434 1477 1682 1725 1930 1973
2227 2268 2475 2516 2723 2764 2971 3012 3219 3260 3467 3508 3715 3756 3963 4004 4211 4252 4459 4500 4707 4748 4955 4996 5203 5244 5451 5492 5699 5740 5947 5988 195 236 443 484 691 732 939 980 1187 1228 1435 1476 1683 1724 1931 1972
2228 2267 2476 2515 2724 2763 2972 3011 3220 3259 3468 3507 3716 3755 3964 4003 4212 4251 4460 4499 4708 4747 4956 4995 5204 5243 5452 5491 5700 5739 5948 5987 196 235 444 483 692 731 940 979 1188 1227 1436 1475 1684 1723 1932 1971
2229 2266 2477 2514 2725 2762 2973 3010 3221 3258 3469 3506 3717 3754 3965 4002 4213 4250 4461 4498 4709 4746 4957 4994 5205 5242 5453 5490 5701 5738 5949 5986 197 234 445 482 693 730 941 978 1189 1226 1437 1474 1685 1722 1933 1970
2230 2265 2478 2513 2726 2761 2974 3009 3222 3257 3470 3505 3718 3753 3966 4001 4214 4249 4462 4497 4710 4745 4958 4993 5206 5241 5454 5489 5702 5737 5950 5985 198 233 446 481 694 729 942 977 1190 1225 1438 1473 1686 1721 1934 1969
2231 2264 2479 2512 2727 2760 2975 3008 3223 3256 3471 3504 3719 3752 3967 4000 4215 4248 4463 4496 4711 4744 4959 4992 5207 5240 5455 5488 5703 5736 5951 5984 199 232 447 480 695 728 943 976 1191 1224 1439 1472 1687 1720 1935 1968
2232 2263 2480 2511 2728 2759 2976 3007 3224 3255 3472 3503 3720 3751 3968 3999 4216 4247 4464 4495 4712 4743 4960 4991 5208 5239 5456 5487 5704 5735 5952 5983 200 231 448 479 696 727 944 975 1192 1223 1440 1471 1688 1719 1936 1967
2233 2262 2481 2510 2729 2758 2977 3006 3225 3254 3473 3502 3721 3750 3969 3998 4217 4246 4465 4494 4713 4742 4961 4990 5209 5238 5457 5486 5705 5734 5953 5982 201 230 449 478 697 726 945 974 1193 1222 1441 1470 1689 1718 1937 1966
2234 2261 2482 2509 2730 2757 2978 3005 3226 3253 3474 3501 3722 3749 3970 3997 4218 4245 4466 4493 4714 4741 4962 4989 5210 5237 5458 5485 5706 5733 5954 5981 202 229 450 477 698 725 946 973 1194 1221 1442 1469 1690 1717 1938 1965
2235 2260 2483 2508 2731 2756 2979 3004 3227 3252 3475 3500 3723 3748 3971 3996 4219 4244 4467 4492 4715 4740 4963 4988 5211 5236 5459 5484 5707 5732 5955 5980 203 228 451 476 699 724 947 972 1195 1220 1443 1468 1691 1716 1939 1964
2236 2259 2484 2507 2732 2755 2980 3003 3228 3251 3476 3499 3724 3747 3972 3995 4220 4243 4468 4491 4716 4739 4964 4987 5212 5235 5460 5483 5708 5731 5956 5979 204 227 452 475 700 723 948 971 1196 1219 1444 1467 1692 1715 1940 1963
2237 2258 2485 2506 2733 2754 2981 3002 3229 3250 3477 3498 3725 3746 3973 3994 4221 4242 4469 4490 4717 4738 4965 4986 5213 5234 5461 5482 5709 5730 5957 5978 205 226 453 474 701 722 949 970 1197 1218 1445 1466 1693 1714 1941 1962
2238 2257 2486 2505 2734 2753 2982 3001 3230 3249 3478 3497 3726 3745 3974 3993 4222 4241 4470 4489 4718 4737 4966 4985 5214 5233 5462 5481 5710 5729 5958 5977 206 225 454 473 702 721 950 969 1198 1217 1446 1465 1694 1713 1942 1961
2239 2256 2487 2504 2735 2752 2983 3000 3231 3248 3479 3496 3727 3744 3975 3992 4223 4240 4471 4488 4719 4736 4967 4984 5215 5232 5463 5480 5711 5728 5959 5976 207 224 455 472 703 720 951 968 1199 1216 1447 1464 1695 1712 1943 1960
2240 2255 2488 2503 2736 2751 2984 2999 3232 3247 3480 3495 3728 3743 3976 3991 4224 4239 4472 4487 4720 4735 4968 4983 5216 5231 5464 5479 5712 5727 5960 5975 208 223 456 471 704 719 952 967 1200 1215 1448 1463 1696 1711 1944 1959
2241 2254 2489 2502 2737 2750 2985 2998 3233 3246 3481 3494 3729 3742 3977 3990 4225 4238 4473 4486 4721 4734 4969 4982 5217 5230 5465 5478 5713 5726 5961 5974 209 222 457 470 705 718 953 966 1201 1214 1449 1462 1697 1710 1945 1958
2242 2253 2490 2501 2738 2749 2986 2997 3234 3245 3482 3493 3730 3741 3978 3989 4226 4237 4474 4485 4722 4733 4970 4981 5218 5229 5466 5477 5714 5725 5962 5973 210 221 458 469 706 717 954 965 1202 1213 1450 1461 1698 1709 1946 1957
2243 2252 2491 2500 2739 2748 2987 2996 3235 3244 3483 3492 3731 3740 3979 3988 4227 4236 4475 4484 4723 4732 4971 4980 5219 5228 5467 5476 5715 5724 5963 5972 211 220 459 468 707 716 955 964 1203 1212 1451 1460 1699 1708 1947 1956
2244 2251 2492 2499 2740 2747 2988 2995 3236 3243 3484 3491 3732 3739 3980 3987 4228 4235 4476 4483 4724 4731 4972 4979 5220 5227 5468 5475 5716 5723 5964 5971 212 219 460 467 708 715 956 963 1204 1211 1452 1459 1700 1707 1948 1955
2245 2250 2493 2498 2741 2746 2989 2994 3237 3242 3485 3490 3733 3738 3981 3986 4229 4234 4477 4482 4725 4730 4973 4978 5221 5226 5469 5474 5717 5722 5965 5970 213 218 461 466 709 714 957 962 1205 1210 1453 1458 1701 1706 1949 1954
2246 2249 2494 2497 2742 2745 2990 2993 3238 3241 3486 3489 3734 3737 3982 3985 4230 4233 4478 4481 4726 4729 4974 4977 5222 5225 5470 5473 5718 5721 5966 5969 214 217 462 465 710 713 958 961 1206 1209 1454 1457 1702 1705 1950 1953
2247 2248 2495 2496 2743 2744 2991 2992 3239 3240 3487 3488 3735 3736 3983 3984 4231 4232 4479 4480 4727 4728 4975 4976 5223 5224 5471 5472 5719 5720 5967 5968 215 216 463 464 711 712 959 960 1207 1208 1455 1456 1703 1704 1951 1952
21 22 23 24 25 26 27 28 29 30 31 32 33 34 35 36 37 38 39 40 41 42 43 44 45 46 47 48 49 50 51 52 53 54 55 56 57 58 59 60 61 62
20 103 102 101 100 99 98 97 96 95 94 93 92 91 90 89 88 87 86 85 84 83 82 81 80 79 78 77 76 75 74 73 72 71 70 69 68 67 66 65 64 63
19 104 105 106 107 108 109 110 111 112 113 114 115 116 117 118 119 120 121 122 123 124 125 126 127 128 129 130 131 132 133 134 135 136 137 138 139 140 141 142 143 144
18 17 16 15 14 13 12 11 10 9 8 7 6 5 4 3 2 1 168 167 166 165 164 163 162 161 160 159 158 157 156 155 154 153 152 151 150 149 148 147 146 145
51 52 53 54 55 56 57 58 59
50 67 66 65 64 63 62 61 60
49 68 69 70 71 72 1 2 3
48 11 10 9 8 7 6 5 4
47 12 13 14 15 16 17 18 19
46 27 26 25 24 23 22 21 20
45 28 29 30 31 32 33 34 35
44 43 42 41 40 39 38 37 36
56 57 58
55 60 59
54 61 62
53 64 63
52 65 66
51 68 67
50 69 70
49 72 71
48 73 74
47 76 75
46 77 78
45 80 79
44 81 82
43 84 83
42 85 86
41 88 87
40 89 90
39 92 91
38 93 94
37 96 95
36 97 98
35 100 99
34 101 102
33 104 103
32 105 106
31 108 107
30 109 110
29 112 111
28 113 114
27 116 115
26 117 118
25 120 119
24 121 122
23 124 123
22 125 126
21 2 1
20 3 4
19 6 5
18 7 8
17 10 9
16 11 12
15 14 13
43 44 45 46 47 48 49 50 51 52 53 54 55 56 57 58 59 60 61 62 63 64 65 66 67 68 69 70 71 72 73 74 75 76 77 78 79 80 81 82 83 84 85
42 127 126 125 124 123 122 121 120 119 118 117 116 115 114 113 112 111 110 109 108 107 106 105 104 103 102 101 100 99 98 97 96 95 94 93 92 91 90 89 88 87 86
41 128 129 130 131 132 133 134 135 136 137 138 139 140 141 142 143 144 145 146 147 148 149 150 151 152 153 154 155 156 157 158 159 160 161 162 163 164 165 166 167 168 169
40 39 38 37 36 35 34 33 32 31 30 29 28 27 26 25 24 23 22 21 20 19 18 17 16 15 14 13 12 11 10 9 8 7 6 5 4 3 2 1 172 171 170
75 74 73 72
76 159 160 71
77 158 161 70
78 157 162 69
79 156 163 68
80 155 164 67
81 154 165 66
82 153 166 65
83 152 167 64
84 151 168 63
85 150 169 62
86 149 170 61
87 148 171 60
88 147 172 59
89 146 1 58
90 145 2 57
91 144 3 56
92 143 4 55
93 142 5 54
94 141 6 53
95 140 7 52
96 139 8 51
97 138 9 50
98 137 10 49
99 136 11 48
100 135 12 47
101 134 13 46
102 133 14 45
103 132 15 44
104 131 16 43
105 130 17 42
106 129 18 41
107 128 19 40
108 127 20 39
109 126 21 38
110 125 22 37
111 124 23 36
112 123 24 35
113 122 25 34
114 121 26 33
115 120 27 32
116 119 28 31
117 118 29 30
157 158 159 160 161 162 163 164 165 166 167 168 1 2 3 4 5 6 7 8 9 10 11 12 13 14 15 16 17 18 19 20 21 22 23 24 25 26 27 28 29 30
156 71 70 69 68 67 66 65 64 63 62 61 60 59 58 57 56 55 54 53 52 51 50 49 48 47 46 45 44 43 42 41 40 39 38 37 36 35 34 33 32 31
155 72 73 74 75 76 77 78 79 80 81 82 83 84 85 86 87 88 89 90 91 92 93 94 95 96 97 98 99 100 101 102 103 104 105 106 107 108 109 110 111 112
154 153 152 151 150 149 148 147 146 145 144 143 142 141 140 139 138 137 136 135 134 133 132 131 130 129 128 127 126 125 124 123 122 121 120 119 118 117 116 115 114 113
10 11 12 13 14 15 16 17 18
9 26 25 24 23 22 21 20 19
8 27 28 29 30 31 32 33 34
7 42 41 40 39 38 37 36 35
6 43 44 45 46 47 48 49 50
5 58 57 56 55 54 53 52 51
4 59 60 61 62 63 64 65 66
3 2 1 72 71 70 69 68 67
121 120 119 118 117 114 113 110 109 106 105 102 101 98 97 94 93 90 89 86 85 82 81 78 77 74 73 70 69 66 65 62 61 58 57 54 53 50 49 46 45 42 41
122 123 124 125 116 115 112 111 108 107 104 103 100 99 96 95 92 91 88 87 84 83 80 79 76 75 72 71 68 67 64 63 60 59 56 55 52 51 48 47 44 43 40
129 128 127 126 1 2 3 4 5 6 7 8 9 10 11 12 13 14 15 16 17 18 19 20 21 22 23 24 25 26 27 28 29 30 31 32 33 34 35 36 37 38 39
35 34 33 32
36 119 120 31
37 118 121 30
38 117 122 29
39 116 123 28
40 115 124 27
41 114 125 26
42 113 126 25
43 112 127 24
44 111 128 23
45 110 129 22
46 109 130 21
47 108 131 20
48 107 132 19
49 106 133 18
50 105 134 17
51 104 135 16
52 103 136 15
53 102 137 14
54 101 138 13
55 100 139 12
56 99 140 11
57 98 141 10
58 97 142 9
59 96 143 8
60 95 144 7
61 94 145 6
62 93 146 5
63 92 147 4
64 91 148 3
65 90 149 2
66 89 150 1
67 88 151 172
68 87 152 171
69 86 153 170
70 85 154 169
71 84 155 168
72 83 156 167
73 82 157 166
74 81 158 165
75 80 159 164
76 79 160 163
77 78 161 162
47 48 51 52 55 56 59 60 63 64 67 68 71 72 75 76 79 80 83 84 87 88 91 92 95 96 99 100 103 104 107 108 111 112 115 116 119 120 123 124 127 128 129
46 49 50 53 54 57 58 61 62 65 66 69 70 73 74 77 78 81 82 85 86 89 90 93 94 97 98 101 102 105 106 109 110 113 114 117 118 121 122 125 126 1 2
45 44 43 42 41 40 39 38 37 36 35 34 33 32 31 30 29 28 27 26 25 24 23 22 21 20 19 18 17 16 15 14 13 12 11 10 9 8 7 6 5 4 3
45 44 43
46 47 42
49 48 41
50 51 40
53 52 39
54 55 38
57 56 37
58 59 36
61 60 35
62 63 34
65 64 33
66 67 32
69 68 31
70 71 30
73 72 29
74 75 28
77 76 27
78 79 26
81 80 25
82 83 24
85 84 23
86 87 22
89 88 21
90 91 20
93 92 19
94 95 18
97 96 17
98 99 16
101 100 15
102 103 14
105 104 13
106 107 12
109 108 11
110 111 10
113 112 9
114 115 8
117 116 7
118 119 6
121 120 5
122 123 4
125 124 3
126 127 2
129 128 1
159 160 161 162 163 164 165 166 167 168 169 170 171 172 1 2 3 4 5 6 7 8 9 10 11 12 13 14 15 16 17 18 19 20 21 22 23 24 25 26 27 28 29
158 71 70 69 68 67 66 65 64 63 62 61 60 59 58 57 56 55 54 53 52 51 50 49 48 47 46 45 44 43 42 41 40 39 38 37 36 35 34 33 32 31 30
157 72 73 74 75 76 77 78 79 80 81 82 83 84 85 86 87 88 89 90 91 92 93 94 95 96 97 98 99 100 101 102 103 104 105 106 107 108 109 110 111 112 113
156 155 154 153 152 151 150 149 148 147 146 145 144 143 142 141 140 139 138 137 136 135 134 133 132 131 130 129 128 127 126 125 124 123 122 121 120 119 118 117 116 115 114
118 117 116 115
119 30 31 114
120 29 32 113
121 28 33 112
122 27 34 111
123 26 35 110
124 25 36 109
125 24 37 108
126 23 38 107
127 22 39 106
128 21 40 105
129 20 41 104
130 19 42 103
131 18 43 102
132 17 44 101
133 16 45 100
134 15 46 99
135 14 47 98
136 13 48 97
137 12 49 96
138 11 50 95
139 10 51 94
140 9 52 93
141 8 53 92
142 7 54 91
143 6 55 90
144 5 56 89
145 4 57 88
146 3 58 87
147 2 59 86
148 1 60 85
149 172 61 84
150 171 62 83
151 170 63 82
152 169 64 81
153 168 65 80
154 167 66 79
155 166 67 78
156 165 68 77
157 164 69 76
158 163 70 75
159 162 71 74
160 161 72 73
23 22 21 20
24 107 108 19
25 106 109 18
26 105 110 17
27 104 111 16
28 103 112 15
29 102 113 14
30 101 114 13
31 100 115 12
32 99 116 11
33 98 117 10
34 97 118 9
35 96 119 8
36 95 120 7
37 94 121 6
38 93 122 5
39 92 123 4
40 91 124 3
41 90 125 2
42 89 126 1
43 88 127 172
44 87 128 171
45 86 129 170
46 85 130 169
47 84 131 168
48 83 132 167
49 82 133 166
50 81 134 165
51 80 135 164
52 79 136 163
53 78 137 162
54 77 138 161
55 76 139 160
56 75 140 159
57 74 141 158
58 73 142 157
59 72 143 156
60 71 144 155
61 70 145 154
62 69 146 153
63 68 147 152
64 67 148 151
65 66 149 150
161 160 159 158
162 73 74 157
163 72 75 156
164 71 76 155
165 70 77 154
166 69 78 153
167 68 79 152
168 67 80 151
169 66 81 150
170 65 82 149
171 64 83 148
172 63 84 147
1 62 85 146
2 61 86 145
3 60 87 144
4 59 88 143
5 58 89 142
6 57 90 141
7 56 91 140
8 55 92 139
9 54 93 138
10 53 94 137
11 52 95 136
12 51 96 135
13 50 97 134
14 49 98 133
15 48 99 132
16 47 100 131
17 46 101 130
18 45 102 129
19 44 103 128
20 43 104 127
21 42 105 126
22 41 106 125
23 40 107 124
24 39 108 123
25 38 109 122
26 37 110 121
27 36 111 120
28 35 112 119
29 34 113 118
30 33 114 117
31 32 115 116
47 46 45 44 43
48 49 50 51 42
55 54 53 52 41
56 57 58 59 40
63 62 61 60 39
64 65 66 67 38
71 70 69 68 37
72 73 74 75 36
79 78 77 76 35
80 81 82 83 34
87 86 85 84 33
88 89 90 91 32
95 94 93 92 31
96 97 98 99 30
103 102 101 100 29
104 105 106 107 28
111 110 109 108 27
112 113 114 115 26
119 118 117 116 25
120 121 122 123 24
127 126 125 124 23
128 129 130 131 22
135 134 133 132 21
136 137 138 139 20
143 142 141 140 19
144 145 146 147 18
151 150 149 148 17
152 153 154 155 16
159 158 157 156 15
160 161 162 163 14
167 166 165 164 13
168 169 170 171 12
175 174 173 172 11
176 177 178 179 10
183 182 181 180 9
184 185 186 187 8
191 190 189 188 7
192 193 194 195 6
199 198 197 196 5
200 201 202 203 4
207 206 205 204 3
208 209 210 211 2
215 214 213 212 1
25 24 23 22 21 20 19 18
26 37 38 49 50 5 6 17
27 36 39 48 51 4 7 16
28 35 40 47 52 3 8 15
29 34 41 46 53 2 9 14
30 33 42 45 54 1 10 13
31 32 43 44 55 56 11 12
32 33 34 35 36 37 38
31 44 43 42 41 40 39
30 45 46 47 48 49 50
29 56 55 54 53 52 51
28 1 2 3 4 5 6
27 12 11 10 9 8 7
26 13 14 15 16 17 18
25 24 23 22 21 20 19
52 53 54 55 56 1 2
51 8 7 6 5 4 3
50 9 10 11 12 13 14
49 20 19 18 17 16 15
48 21 22 23 24 25 26
47 32 31 30 29 28 27
46 33 34 35 36 37 38
45 44 43 42 41 40 39
116 115 114 113 112 111 110 109 108 107 106 105 104 103 102 101 100 99 98 97 96 95 94 93 92 91 90 89 88 87 86 85 84 83 82 81 80 79 78 77 76 75
117 120 121 124 125 2 3 6 7 10 11 14 15 18 19 22 23 26 27 30 31 34 35 38 39 42 43 46 47 50 51 54 55 58 59 62 63 66 67 70 71 74
118 119 122 123 126 1 4 5 8 9 12 13 16 17 20 21 24 25 28 29 32 33 36 37 40 41 44 45 48 49 52 53 56 57 60 61 64 65 68 69 72 73
126 127 128 129 130 131 132 133 134 135 136 137 138 139 140 141 142 143 144 145 146 147 148 149 150 151 152 153 154 155 156 157 158 159 160 161 162 163 164 165 166 167 168
125 38 37 36 35 34 33 32 31 30 29 28 27 26 25 24 23 22 21 20 19 18 17 16 15 14 13 12 11 10 9 8 7 6 5 4 3 2 1 172 171 170 169
124 39 40 41 42 43 44 45 46 47 48 49 50 51 52 53 54 55 56 57 58 59 60 61 62 63 64 65 66 67 68 69 70 71 72 73 74 75 76 77 78 79 80
123 122 121 120 119 118 117 116 115 114 113 112 111 110 109 108 107 106 105 104 103 102 101 100 99 98 97 96 95 94 93 92 91 90 89 88 87 86 85 84 83 82 81
46 47 48 49 50 51 52 53 54
45 62 61 60 59 58 57 56 55
44 63 64 65 66 67 68 69 70
43 6 5 4 3 2 1 72 71
42 7 8 9 10 11 12 13 14
41 22 21 20 19 18 17 16 15
40 23 24 25 26 27 28 29 30
39 38 37 36 35 34 33 32 31
63 64 65 66 67 68 69 70 71 72 73 74 75 76 77 78 79 80 81 82 83 84 85 86 87 88 89 90 91 92 93 94 95 96 97 98 99 100 101 102 103 104
62 145 144 143 142 141 140 139 138 137 136 135 134 133 132 131 130 129 128 127 126 125 124 123 122 121 120 119 118 117 116 115 114 113 112 111 110 109 108 107 106 105
61 146 147 148 149 150 151 152 153 154 155 156 157 158 159 160 161 162 163 164 165 166 167 168 1 2 3 4 5 6 7 8 9 10 11 12 13 14 15 16 17 18
60 59 58 57 56 55 54 53 52 51 50 49 48 47 46 45 44 43 42 41 40 39 38 37 36 35 34 33 32 31 30 29 28 27 26 25 24 23 22 21 20 19
60 61 62 63 64 65 66 67 68 69 70 71 72 73 74 75 76 77 78 79 80 81 82 83 84 85 86 87 88 89 90 91 92 93 94 95 96 97 98 99 100 101
59 142 141 140 139 138 137 136 135 134 133 132 131 130 129 128 127 126 125 124 123 122 121 120 119 118 117 116 115 114 113 112 111 110 109 108 107 106 105 104 103 102
58 143 144 145 146 147 148 149 150 151 152 153 154 155 156 157 158 159 160 161 162 163 164 165 166 167 168 1 2 3 4 5 6 7 8 9 10 11 12 13 14 15
57 56 55 54 53 52 51 50 49 48 47 46 45 44 43 42 41 40 39 38 37 36 35 34 33 32 31 30 29 28 27 26 25 24 23 22 21 20 19 18 17 16
203 204 205 206 207
202 211 210 209 208
201 212 213 214 215
200 1 2 3 4
199 8 7 6 5
198 9 10 11 12
197 16 15 14 13
196 17 18 19 20
195 24 23 22 21
194 25 26 27 28
193 32 31 30 29
192 33 34 35 36
191 40 39 38 37
190 41 42 43 44
189 48 47 46 45
188 49 50 51 52
187 56 55 54 53
186 57 58 59 60
185 64 63 62 61
184 65 66 67 68
183 72 71 70 69
182 73 74 75 76
181 80 79 78 77
180 81 82 83 84
179 88 87 86 85
178 89 90 91 92
177 96 95 94 93
176 97 98 99 100
175 104 103 102 101
174 105 106 107 108
173 112 111 110 109
172 113 114 115 116
171 120 119 118 117
170 121 122 123 124
169 128 127 126 125
168 129 130 131 132
167 136 135 134 133
166 137 138 139 140
165 144 143 142 141
164 145 146 147 148
163 152 151 150 149
162 153 154 155 156
161 160 159 158 157
69 70 71 72 73 74 75 76 77 78 79 80 81 82 83 84 85 86 87 88 89 90 91 92 93 94 95 96 97 98 99 100 101 102 103 104 105 106 107 108 109 110
68 151 150 149 148 147 146 145 144 143 142 141 140 139 138 137 136 135 134 133 132 131 130 129 128 127 126 125 124 123 122 121 120 119 118 117 116 115 114 113 112 111
67 152 153 154 155 156 157 158 159 160 161 162 163 164 165 166 167 168 1 2 3 4 5 6 7 8 9 10 11 12 13 14 15 16 17 18 19 20 21 22 23 24
66 65 64 63 62 61 60 59 58 57 56 55 54 53 52 51 50 49 48 47 46 45 44 43 42 41 40 39 38 37 36 35 34 33 32 31 30 29 28 27 26 25
129 130 213 214 215
128 131 212 1 2
127 132 211 4 3
126 133 210 5 6
125 134 209 8 7
124 135 208 9 10
123 136 207 12 11
122 137 206 13 14
121 138 205 16 15
120 139 204 17 18
119 140 203 20 19
118 141 202 21 22
117 142 201 24 23
116 143 200 25 26
115 144 199 28 27
114 145 198 29 30
113 146 197 32 31
112 147 196 33 34
111 148 195 36 35
110 149 194 37 38
109 150 193 40 39
108 151 192 41 42
107 152 191 44 43
106 153 190 45 46
105 154 189 48 47
104 155 188 49 50
103 156 187 52 51
102 157 186 53 54
101 158 185 56 55
100 159 184 57 58
99 160 183 60 59
98 161 182 61 62
97 162 181 64 63
96 163 180 65 66
95 164 179 68 67
94 165 178 69 70
93 166 177 72 71
92 167 176 73 74
91 168 175 76 75
90 169 174 77 78
89 170 173 80 79
88 171 172 81 82
87 86 85 84 83
42 43 44 45 46 47 48
41 54 53 52 51 50 49
40 55 56 1 2 3 4
39 10 9 8 7 6 5
38 11 12 13 14 15 16
37 22 21 20 19 18 17
36 23 24 25 26 27 28
35 34 33 32 31 30 29
34 33 32 31 30 29 28 27
35 46 47 2 3 14 15 26
36 45 48 1 4 13 16 25
37 44 49 56 5 12 17 24
38 43 50 55 6 11 18 23
39 42 51 54 7 10 19 22
40 41 52 53 8 9 20 21
33 32 31 30 29 28 27 26 25 24 23 22 21 20 19 18 17 16 15 14 13 12 11 10 9 8 7 6 5 4 3 2 1 126 125 124 123 122 121 120 119 118
34 37 38 41 42 45 46 49 50 53 54 57 58 61 62 65 66 69 70 73 74 77 78 81 82 85 86 89 90 93 94 97 98 101 102 105 106 109 110 113 114 117
35 36 39 40 43 44 47 48 51 52 55 56 59 60 63 64 67 68 71 72 75 76 79 80 83 84 87 88 91 92 95 96 99 100 103 104 107 108 111 112 115 116
151 152 153 154
150 157 156 155
149 158 159 160
148 163 162 161
147 164 165 166
146 1 168 167
145 2 3 4
144 7 6 5
143 8 9 10
142 13 12 11
141 14 15 16
140 19 18 17
139 20 21 22
138 25 24 23
137 26 27 28
136 31 30 29
135 32 33 34
134 37 36 35
133 38 39 40
132 43 42 41
131 44 45 46
130 49 48 47
129 50 51 52
128 55 54 53
127 56 57 58
126 61 60 59
125 62 63 64
124 67 66 65
123 68 69 70
122 73 72 71
121 74 75 76
120 79 78 77
119 80 81 82
118 85 84 83
117 86 87 88
116 91 90 89
115 92 93 94
114 97 96 95
113 98 99 100
112 103 102 101
111 104 105 106
110 109 108 107
83 84 91 92 99 100 107 108 109 110 111 112 113 114 115 116 117 118 119 120 121 122 123 124 125 126 127 128 129 130 131 132 133 134 135 136 137 138 139 140 141 142 143
82 85 90 93 98 101 106 179 178 177 176 175 174 173 172 171 170 169 168 167 166 165 164 163 162 161 160 159 158 157 156 155 154 153 152 151 150 149 148 147 146 145 144
81 86 89 94 97 102 105 180 181 182 183 184 185 186 187 188 189 190 191 192 193 194 195 196 197 198 199 200 201 202 203 204 205 206 207 208 209 210 211 212 213 214 215
80 87 88 95 96 103 104 1 2 3 4 5 6 7 8 9 10 11 12 13 14 15 16 17 18 19 20 21 22 23 24 25 26 27 28 29 30 31 32 33 34 35 36
79 78 77 76 75 74 73 72 71 70 69 68 67 66 65 64 63 62 61 60 59 58 57 56 55 54 53 52 51 50 49 48 47 46 45 44 43 42 41 40 39 38 37
58 59 60 61
57 64 63 62
56 65 66 67
55 70 69 68
54 71 72 73
53 76 75 74
52 77 78 79
51 82 81 80
50 83 84 85
49 88 87 86
48 89 90 91
47 94 93 92
46 95 96 97
45 100 99 98
44 101 102 103
43 106 105 104
42 107 108 109
41 112 111 110
40 113 114 115
39 118 117 116
38 119 120 121
37 124 123 122
36 125 126 127
35 130 129 128
34 131 132 133
33 136 135 134
32 137 138 139
31 142 141 140
30 143 144 145
29 148 147 146
28 149 150 151
27 154 153 152
26 155 156 157
25 160 159 158
24 161 162 163
23 166 165 164
22 167 168 1
21 4 3 2
20 5 6 7
19 10 9 8
18 11 12 13
17 16 15 14
107 108 115 116 123 124 131 132 139 140 147 148 155 156 163 164 171 172 179 180 187 188 195 196 197 198 199 200 201 202 203 204 205 206 207 208 209 210 211 212 213 214 215
106 109 114 117 122 125 130 133 138 141 146 149 154 157 162 165 170 173 178 181 186 189 194 1 2 3 4 5 6 7 8 9 10 11 12 13 14 15 16 17 18 19 20
105 110 113 118 121 126 129 134 137 142 145 150 153 158 161 166 169 174 177 182 185 190 193 40 39 38 37 36 35 34 33 32 31 30 29 28 27 26 25 24 23 22 21
104 111 112 119 120 127 128 135 136 143 144 151 152 159 160 167 168 175 176 183 184 191 192 41 42 43 44 45 46 47 48 49 50 51 52 53 54 55 56 57 58 59 60
103 102 101 100 99 98 97 96 95 94 93 92 91 90 89 88 87 86 85 84 83 82 81 80 79 78 77 76 75 74 73 72 71 70 69 68 67 66 65 64 63 62 61
3 4
2 1
48 47 46 45 44 43 42 41 40 39 38 37 36 35 34 33 32 31 30 29 28 27 26 25 24 23 22 21 20 19 18 17 16 15 14 13 12 11 10 9 8 7
49 52 53 56 57 60 61 64 65 68 69 72 73 76 77 80 81 84 85 88 89 92 93 96 97 100 101 104 105 108 109 112 113 116 117 120 121 124 125 2 3 6
50 51 54 55 58 59 62 63 66 67 70 71 74 75 78 79 82 83 86 87 90 91 94 95 98 99 102 103 106 107 110 111 114 115 118 119 122 123 126 1 4 5
43 42 41 40
44 127 128 39
45 126 129 38
46 125 130 37
47 124 131 36
48 123 132 35
49 122 133 34
50 121 134 33
51 120 135 32
52 119 136 31
53 118 137 30
54 117 138 29
55 116 139 28
56 115 140 27
57 114 141 26
58 113 142 25
59 112 143 24
60 111 144 23
61 110 145 22
62 109 146 21
63 108 147 20
64 107 148 19
65 106 149 18
66 105 150 17
67 104 151 16
68 103 152 15
69 102 153 14
70 101 154 13
71 100 155 12
72 99 156 11
73 98 157 10
74 97 158 9
75 96 159 8
76 95 160 7
77 94 161 6
78 93 162 5
79 92 163 4
80 91 164 3
81 90 165 2
82 89 166 1
83 88 167 172
84 87 168 171
85 86 169 170
129 128 1
126 127 2
125 124 3
122 123 4
121 120 5
118 119 6
117 116 7
114 115 8
113 112 9
110 111 10
109 108 11
106 107 12
105 104 13
102 103 14
101 100 15
98 99 16
97 96 17
94 95 18
93 92 19
90 91 20
89 88 21
86 87 22
85 84 23
82 83 24
81 80 25
78 79 26
77 76 27
74 75 28
73 72 29
70 71 30
69 68 31
66 67 32
65 64 33
62 63 34
61 60 35
58 59 36
57 56 37
54 55 38
53 52 39
50 51 40
49 48 41
46 47 42
45 44 43
47 46 45 44 43
48 49 50 51 42
55 54 53 52 41
56 57 58 59 40
63 62 61 60 39
64 65 66 67 38
71 70 69 68 37
72 73 74 75 36
79 78 77 76 35
80 81 82 83 34
87 86 85 84 33
88 89 90 91 32
95 94 93 92 31
96 97 98 99 30
103 102 101 100 29
104 105 106 107 28
111 110 109 108 27
112 113 114 115 26
119 118 117 116 25
120 121 122 123 24
127 126 125 124 23
128 129 130 131 22
135 134 133 132 21
136 137 138 139 20
143 142 141 140 19
144 145 146 147 18
151 150 149 148 17
152 153 154 155 16
159 158 157 156 15
160 161 162 163 14
167 166 165 164 13
168 169 170 171 12
175 174 173 172 11
176 177 178 179 10
183 182 181 180 9
184 185 186 187 8
191 190 189 188 7
192 193 194 195 6
199 198 197 196 5
200 201 202 203 4
207 206 205 204 3
208 209 210 211 2
215 214 213 212 1
83 84 87 88 91 92 93 94 95 96 97 98 99 100 101 102 103 104 105 106 107 108 109 110 111 112 113 114 115 116 117 118 119 120 121 122 123 124 125 126 127 128 129
82 85 86 89 90 1 2 3 4 5 6 7 8 9 10 11 12 13 14 15 16 17 18 19 20 21 22 23 24 25 26 27 28 29 30 31 32 33 34 35 36 37 38
81 80 79 78 77 76 75 74 73 72 71 70 69 68 67 66 65 64 63 62 61 60 59 58 57 56 55 54 53 52 51 50 49 48 47 46 45 44 43 42 41 40 39
22 21 20 19 18 17 16 15 14 13 12 11 10 9 8 7 6 5 4 3 2 1 126 125 124 123 122 121 120 119 118 117 116 115 114 113 112 111 110 109 108 107
23 26 27 30 31 34 35 38 39 42 43 46 47 50 51 54 55 58 59 62 63 66 67 70 71 74 75 78 79 82 83 86 87 90 91 94 95 98 99 102 103 106
24 25 28 29 32 33 36 37 40 41 44 45 48 49 52 53 56 57 60 61 64 65 68 69 72 73 76 77 80 81 84 85 88 89 92 93 96 97 100 101 104 105
38 37 36 35 34 33 32 31 30 29 28 27 26 25 24 23 22 21 20 19 18 17 16 15 14 13 12 11 10 9 8 7 6 5 4 3 2 1 126 125 124 123
39 42 43 46 47 50 51 54 55 58 59 62 63 66 67 70 71 74 75 78 79 82 83 86 87 90 91 94 95 98 99 102 103 106 107 110 111 114 115 118 119 122
40 41 44 45 48 49 52 53 56 57 60 61 64 65 68 69 72 73 76 77 80 81 84 85 88 89 92 93 96 97 100 101 104 105 108 109 112 113 116 117 120 121
65 66 67 68 69 70 71 72 1
64 9 8 7 6 5 4 3 2
63 10 11 12 13 14 15 16 17
62 25 24 23 22 21 20 19 18
61 26 27 28 29 30 31 32 33
60 41 40 39 38 37 36 35 34
59 42 43 44 45 46 47 48 49
58 57 56 55 54 53 52 51 50
75 76 77 78 79 80 81 82 83 84 85 86 87 88 89 90 91 92 93 94 95 96 97 98 99 100 101 102 103 104 105 106 107 108 109 110 111 112 113 114 115 116 117
74 159 158 157 156 155 154 153 152 151 150 149 148 147 146 145 144 143 142 141 140 139 138 137 136 135 134 133 132 131 130 129 128 127 126 125 124 123 122 121 120 119 118
73 160 161 162 163 164 165 166 167 168 169 170 171 172 1 2 3 4 5 6 7 8 9 10 11 12 13 14 15 16 17 18 19 20 21 22 23 24 25 26 27 28 29
72 71 70 69 68 67 66 65 64 63 62 61 60 59 58 57 56 55 54 53 52 51 50 49 48 47 46 45 44 43 42 41 40 39 38 37 36 35 34 33 32 31 30
53 54 61 62 69 70 77 78 85 86 93 94 101 102 109 110 117 118 125 126 133 134 141 142 149 150 157 158 165 166 173 174 181 182 189 190 197 198 199 200 201 202 203
52 55 60 63 68 71 76 79 84 87 92 95 100 103 108 111 116 119 124 127 132 135 140 143 148 151 156 159 164 167 172 175 180 183 188 191 196 209 208 207 206 205 204
51 56 59 64 67 72 75 80 83 88 91 96 99 104 107 112 115 120 123 128 131 136 139 144 147 152 155 160 163 168 171 176 179 184 187 192 195 210 211 212 213 214 215
50 57 58 65 66 73 74 81 82 89 90 97 98 105 106 113 114 121 122 129 130 137 138 145 146 153 154 161 162 169 170 177 178 185 186 193 194 1 2 3 4 5 6
49 48 47 46 45 44 43 42 41 40 39 38 37 36 35 34 33 32 31 30 29 28 27 26 25 24 23 22 21 20 19 18 17 16 15 14 13 12 11 10 9 8 7
45 44 43
46 47 42
49 48 41
50 51 40
53 52 39
54 55 38
57 56 37
58 59 36
61 60 35
62 63 34
65 64 33
66 67 32
69 68 31
70 71 30
73 72 29
74 75 28
77 76 27
78 79 26
81 80 25
82 83 24
85 84 23
86 87 22
89 88 21
90 91 20
93 92 19
94 95 18
97 96 17
98 99 16
101 100 15
102 103 14
105 104 13
106 107 12
109 108 11
110 111 10
113 112 9
114 115 8
117 116 7
118 119 6
121 120 5
122 123 4
125 124 3
126 127 2
129 128 1
81 82 83 84 85 86 87 88 89 90 91 92 93 94 95 96 97 98 99 100 101 102 103 104 105 106 107 108 109 110 111 112 113 114 115 116 117 118 119 120 121 122
80 163 162 161 160 159 158 157 156 155 154 153 152 151 150 149 148 147 146 145 144 143 142 141 140 139 138 137 136 135 134 133 132 131 130 129 128 127 126 125 124 123
79 164 165 166 167 168 1 2 3 4 5 6 7 8 9 10 11 12 13 14 15 16 17 18 19 20 21 22 23 24 25 26 27 28 29 30 31 32 33 34 35 36
78 77 76 75 74 73 72 71 70 69 68 67 66 65 64 63 62 61 60 59 58 57 56 55 54 53 52 51 50 49 48 47 46 45 44 43 42 41 40 39 38 37
44 43 42 41 40 39 38 37
45 56 1 12 13 24 25 36
46 55 2 11 14 23 26 35
47 54 3 10 15 22 27 34
48 53 4 9 16 21 28 33
49 52 5 8 17 20 29 32
50 51 6 7 18 19 30 31
15 14 13 12 11 10
16 43 44 71 72 9
17 42 45 70 73 8
18 41 46 69 74 7
19 40 47 68 75 6
20 39 48 67 76 5
21 38 49 66 77 4
22 37 50 65 78 3
23 36 51 64 79 2
24 35 52 63 80 1
25 34 53 62 81 90
26 33 54 61 82 89
27 32 55 60 83 88
28 31 56 59 84 87
29 30 57 58 85 86
41 42 43
40 45 44
39 46 47
38 49 48
37 50 51
36 53 52
35 54 55
34 57 56
33 58 59
32 61 60
31 62 63
30 65 64
29 66 67
28 69 68
27 70 71
26 73 72
25 74 75
24 77 76
23 78 79
22 81 80
21 82 83
20 85 84
19 86 87
18 89 88
17 90 91
16 93 92
15 94 95
14 97 96
13 98 99
12 101 100
11 102 103
10 105 104
9 106 107
8 109 108
7 110 111
6 113 112
5 114 115
4 117 116
3 118 119
2 121 120
1 122 123
126 125 124
23 24 25 26 27 28 29 30 31
22 39 38 37 36 35 34 33 32
21 40 41 42 43 44 45 46 47
20 55 54 53 52 51 50 49 48
19 56 57 58 59 60 61 62 63
18 71 70 69 68 67 66 65 64
17 72 1 2 3 4 5 6 7
16 15 14 13 12 11 10 9 8
121 122 205 206 207
120 123 204 209 208
119 124 203 210 211
118 125 202 213 212
117 126 201 214 215
116 127 200 1 2
115 128 199 4 3
114 129 198 5 6
113 130 197 8 7
112 131 196 9 10
111 132 195 12 11
110 133 194 13 14
109 134 193 16 15
108 135 192 17 18
107 136 191 20 19
106 137 190 21 22
105 138 189 24 23
104 139 188 25 26
103 140 187 28 27
102 141 186 29 30
101 142 185 32 31
100 143 184 33 34
99 144 183 36 35
98 145 182 37 38
97 146 181 40 39
96 147 180 41 42
95 148 179 44 43
94 149 178 45 46
93 150 177 48 47
92 151 176 49 50
91 152 175 52 51
90 153 174 53 54
89 154 173 56 55
88 155 172 57 58
87 156 171 60 59
86 157 170 61 62
85 158 169 64 63
84 159 168 65 66
83 160 167 68 67
82 161 166 69 70
81 162 165 72 71
80 163 164 73 74
79 78 77 76 75
37 38 39 40 41 42 43 44 45 46 47 48 49 50 51 52 53 54 55 56 57 58 59 60 61 62 63 64 65 66 67 68 69 70 71 72 73 74 75 76 77 78
36 119 118 117 116 115 114 113 112 111 110 109 108 107 106 105 104 103 102 101 100 99 98 97 96 95 94 93 92 91 90 89 88 87 86 85 84 83 82 81 80 79
35 120 121 122 123 124 125 126 127 128 129 130 131 132 133 134 135 136 137 138 139 140 141 142 143 144 145 146 147 148 149 150 151 152 153 154 155 156 157 158 159 160
34 33 32 31 30 29 28 27 26 25 24 23 22 21 20 19 18 17 16 15 14 13 12 11 10 9 8 7 6 5 4 3 2 1 168 167 166 165 164 163 162 161
104 103 102 101
105 16 17 100
106 15 18 99
107 14 19 98
108 13 20 97
109 12 21 96
110 11 22 95
111 10 23 94
112 9 24 93
113 8 25 92
114 7 26 91
115 6 27 90
116 5 28 89
117 4 29 88
118 3 30 87
119 2 31 86
120 1 32 85
121 172 33 84
122 171 34 83
123 170 35 82
124 169 36 81
125 168 37 80
126 167 38 79
127 166 39 78
128 165 40 77
129 164 41 76
130 163 42 75
131 162 43 74
132 161 44 73
133 160 45 72
134 159 46 71
135 158 47 70
136 157 48 69
137 156 49 68
138 155 50 67
139 154 51 66
140 153 52 65
141 152 53 64
142 151 54 63
143 150 55 62
144 149 56 61
145 148 57 60
146 147 58 59
14 15 16
13 18 17
12 19 20
11 22 21
10 23 24
9 26 25
8 27 28
7 30 29
6 31 32
5 34 33
4 35 36
3 38 37
2 39 40
1 42 41
126 43 44
125 46 45
124 47 48
123 50 49
122 51 52
121 54 53
120 55 56
119 58 57
118 59 60
117 62 61
116 63 64
115 66 65
114 67 68
113 70 69
112 71 72
111 74 73
110 75 76
109 78 77
108 79 80
107 82 81
106 83 84
105 86 85
104 87 88
103 90 89
102 91 92
101 94 93
100 95 96
99 98 97
72 73 74 75
71 78 77 76
70 79 80 81
69 84 83 82
68 85 86 87
67 90 89 88
66 91 92 93
65 96 95 94
64 97 98 99
63 102 101 100
62 103 104 105
61 108 107 106
60 109 110 111
59 114 113 112
58 115 116 117
57 120 119 118
56 121 122 123
55 126 125 124
54 127 128 129
53 132 131 130
52 133 134 135
51 138 137 136
50 139 140 141
49 144 143 142
48 145 146 147
47 150 149 148
46 151 152 153
45 156 155 154
44 157 158 159
43 162 161 160
42 163 164 165
41 168 167 166
40 1 2 3
39 6 5 4
38 7 8 9
37 12 11 10
36 13 14 15
35 18 17 16
34 19 20 21
33 24 23 22
32 25 26 27
31 30 29 28
62 63 64 1 2 3 4 5
61 12 11 10 9 8 7 6
60 13 14 15 16 17 18 19
59 26 25 24 23 22 21 20
58 27 28 29 30 31 32 33
57 40 39 38 37 36 35 34
56 41 42 43 44 45 46 47
55 54 53 52 51 50 49 48
58 57 56 55 54 53 52 51
59 2 3 18 19 34 35 50
60 1 4 17 20 33 36 49
61 72 5 16 21 32 37 48
62 71 6 15 22 31 38 47
63 70 7 14 23 30 39 46
64 69 8 13 24 29 40 45
65 68 9 12 25 28 41 44
66 67 10 11 26 27 42 43
92 93 94
91 96 95
90 97 98
89 100 99
88 101 102
87 104 103
86 105 106
85 108 107
84 109 110
83 112 111
82 113 114
81 116 115
80 117 118
79 120 119
78 121 122
77 124 123
76 125 126
75 2 1
74 3 4
73 6 5
72 7 8
71 10 9
70 11 12
69 14 13
68 15 16
67 18 17
66 19 20
65 22 21
64 23 24
63 26 25
62 27 28
61 30 29
60 31 32
59 34 33
58 35 36
57 38 37
56 39 40
55 42 41
54 43 44
53 46 45
52 47 48
51 50 49
16 17 18 19 20
15 4 3 2 1
14 5 6 7 8
13 12 11 10 9
79 80 83 84 87 88 91 92 95 96 97 98 99 100 101 102 103 104 105 106 107 108 109 110 111 112 113 114 115 116 117 118 119 120 121 122 123 124 125 126 127 128 129
78 81 82 85 86 89 90 93 94 1 2 3 4 5 6 7 8 9 10 11 12 13 14 15 16 17 18 19 20 21 22 23 24 25 26 27 28 29 30 31 32 33 34
77 76 75 74 73 72 71 70 69 68 67 66 65 64 63 62 61 60 59 58 57 56 55 54 53 52 51 50 49 48 47 46 45 44 43 42 41 40 39 38 37 36 35
56 57 58 59 60 61 62 63 64
55 72 71 70 69 68 67 66 65
54 1 2 3 4 5 6 7 8
53 16 15 14 13 12 11 10 9
52 17 18 19 20 21 22 23 24
51 32 31 30 29 28 27 26 25
50 33 34 35 36 37 38 39 40
49 48 47 46 45 44 43 42 41
129 74 73
128 75 72
127 76 71
126 77 70
125 78 69
124 79 68
123 80 67
122 81 66
121 82 65
120 83 64
119 84 63
118 85 62
117 86 61
116 87 60
115 88 59
114 89 58
113 90 57
112 91 56
111 92 55
110 93 54
109 94 53
108 95 52
107 96 51
106 97 50
105 98 49
104 99 48
103 100 47
102 101 46
1 2 45
4 3 44
5 6 43
8 7 42
9 10 41
12 11 40
13 14 39
16 15 38
17 18 37
20 19 36
21 22 35
24 23 34
25 26 33
28 27 32
29 30 31
62 63 64 65 66 67 68 69 70 71 72 73 74 75 76 77 78 79 80 81 82 83 84 85 86 87 88 89 90 91 92 93 94 95 96 97 98 99 100 101 102 103 104
61 146 145 144 143 142 141 140 139 138 137 136 135 134 133 132 131 130 129 128 127 126 125 124 123 122 121 120 119 118 117 116 115 114 113 112 111 110 109 108 107 106 105
60 147 148 149 150 151 152 153 154 155 156 157 158 159 160 161 162 163 164 165 166 167 168 169 170 171 172 1 2 3 4 5 6 7 8 9 10 11 12 13 14 15 16
59 58 57 56 55 54 53 52 51 50 49 48 47 46 45 44 43 42 41 40 39 38 37 36 35 34 33 32 31 30 29 28 27 26 25 24 23 22 21 20 19 18 17
90 89 88 87 86 85 84 83 82 81 80 79 78 77 76 75 74 73 72 71 70 69 68 67 66 65 64 63 62 61 60 59 58 57 56 55 54 53 52 51 50 49
91 94 95 98 99 102 103 106 107 110 111 114 115 118 119 122 123 126 1 4 5 8 9 12 13 16 17 20 21 24 25 28 29 32 33 36 37 40 41 44 45 48
92 93 96 97 100 101 104 105 108 109 112 113 116 117 120 121 124 125 2 3 6 7 10 11 14 15 18 19 22 23 26 27 30 31 34 35 38 39 42 43 46 47
141 140 139 138
142 53 54 137
143 52 55 136
144 51 56 135
145 50 57 134
146 49 58 133
147 48 59 132
148 47 60 131
149 46 61 130
150 45 62 129
151 44 63 128
152 43 64 127
153 42 65 126
154 41 66 125
155 40 67 124
156 39 68 123
157 38 69 122
158 37 70 121
159 36 71 120
160 35 72 119
161 34 73 118
162 33 74 117
163 32 75 116
164 31 76 115
165 30 77 114
166 29 78 113
167 28 79 112
168 27 80 111
169 26 81 110
170 25 82 109
171 24 83 108
172 23 84 107
1 22 85 106
2 21 86 105
3 20 87 104
4 19 88 103
5 18 89 102
6 17 90 101
7 16 91 100
8 15 92 99
9 14 93 98
10 13 94 97
11 12 95 96
144 145 146 147 148 149 150 151 152 153 154 155 156 157 158 159 160 161 162 163 164 165 166 167 168 169 170 171 172 1 2 3 4 5 6 7 8 9 10 11 12 13 14
143 56 55 54 53 52 51 50 49 48 47 46 45 44 43 42 41 40 39 38 37 36 35 34 33 32 31 30 29 28 27 26 25 24 23 22 21 20 19 18 17 16 15
142 57 58 59 60 61 62 63 64 65 66 67 68 69 70 71 72 73 74 75 76 77 78 79 80 81 82 83 84 85 86 87 88 89 90 91 92 93 94 95 96 97 98
141 140 139 138 137 136 135 134 133 132 131 130 129 128 127 126 125 124 123 122 121 120 119 118 117 116 115 114 113 112 111 110 109 108 107 106 105 104 103 102 101 100 99
89 90 91 92 93 94 95 96 97 98 99 100 101 102 103 104 105 106 107 108 109 110 111 112 113 114 115 116 117 118 119 120 121 122 123 124 125 126 127 128 129 130 131
88 1 172 171 170 169 168 167 166 165 164 163 162 161 160 159 158 157 156 155 154 153 152 151 150 149 148 147 146 145 144 143 142 141 140 139 138 137 136 135 134 133 132
87 2 3 4 5 6 7 8 9 10 11 12 13 14 15 16 17 18 19 20 21 22 23 24 25 26 27 28 29 30 31 32 33 34 35 36 37 38 39 40 41 42 43
86 85 84 83 82 81 80 79 78 77 76 75 74 73 72 71 70 69 68 67 66 65 64 63 62 61 60 59 58 57 56 55 54 53 52 51 50 49 48 47 46 45 44
57 58 59 60 61 62 63 64 65 66 67 68 69 70 71 72 73 74 75 76 77 78 79 80 81 82 83 84 85 86 87 88 89 90 91 92 93 94 95 96 97 98 99
56 141 140 139 138 137 136 135 134 133 132 131 130 129 128 127 126 125 124 123 122 121 120 119 118 117 116 115 114 113 112 111 110 109 108 107 106 105 104 103 102 101 100
55 142 143 144 145 146 147 148 149 150 151 152 153 154 155 156 157 158 159 160 161 162 163 164 165 166 167 168 169 170 171 172 1 2 3 4 5 6 7 8 9 10 11
54 53 52 51 50 49 48 47 46 45 44 43 42 41 40 39 38 37 36 35 34 33 32 31 30 29 28 27 26 25 24 23 22 21 20 19 18 17 16 15 14 13 12
112 111 110 109 108 107 106 105 104 103 102 101 100 99 98 97 96 95 94 93 92 91 90 89 88 87 86 85 84 83 82 81 80 79 78 77 76 75 74 73 72 71
113 116 117 120 121 124 125 2 3 6 7 10 11 14 15 18 19 22 23 26 27 30 31 34 35 38 39 42 43 46 47 50 51 54 55 58 59 62 63 66 67 70
114 115 118 119 122 123 126 1 4 5 8 9 12 13 16 17 20 21 24 25 28 29 32 33 36 37 40 41 44 45 48 49 52 53 56 57 60 61 64 65 68 69
17 16 15 14 13 12 11 10 9 8 7 6 5 4 3 2 1 126 125 124 123 122 121 120 119 118 117 116 115 114 113 112 111 110 109 108 107 106 105 104 103 102
18 21 22 25 26 29 30 33 34 37 38 41 42 45 46 49 50 53 54 57 58 61 62 65 66 69 70 73 74 77 78 81 82 85 86 89 90 93 94 97 98 101
19 20 23 24 27 28 31 32 35 36 39 40 43 44 47 48 51 52 55 56 59 60 63 64 67 68 71 72 75 76 79 80 83 84 87 88 91 92 95 96 99 100
73 74 157 158 159
72 75 156 161 160
71 76 155 162 163
70 77 154 165 164
69 78 153 166 167
68 79 152 169 168
67 80 151 170 171
66 81 150 173 172
65 82 149 174 175
64 83 148 177 176
63 84 147 178 179
62 85 146 181 180
61 86 145 182 183
60 87 144 185 184
59 88 143 186 187
58 89 142 189 188
57 90 141 190 191
56 91 140 193 192
55 92 139 194 195
54 93 138 197 196
53 94 137 198 199
52 95 136 201 200
51 96 135 202 203
50 97 134 205 204
49 98 133 206 207
48 99 132 209 208
47 100 131 210 211
46 101 130 213 212
45 102 129 214 215
44 103 128 1 2
43 104 127 4 3
42 105 126 5 6
41 106 125 8 7
40 107 124 9 10
39 108 123 12 11
38 109 122 13 14
37 110 121 16 15
36 111 120 17 18
35 112 119 20 19
34 113 118 21 22
33 114 117 24 23
32 115 116 25 26
31 30 29 28 27
70 69 68 67 66 65 64 63
71 14 15 30 31 46 47 62
72 13 16 29 32 45 48 61
1 12 17 28 33 44 49 60
2 11 18 27 34 43 50 59
3 10 19 26 35 42 51 58
4 9 20 25 36 41 52 57
5 8 21 24 37 40 53 56
6 7 22 23 38 39 54 55
53 52 51 50 49 48 47 46
54 69 70 13 14 29 30 45
55 68 71 12 15 28 31 44
56 67 72 11 16 27 32 43
57 66 1 10 17 26 33 42
58 65 2 9 18 25 34 41
59 64 3 8 19 24 35 40
60 63 4 7 20 23 36 39
61 62 5 6 21 22 37 38
129 106 105
128 107 104
127 108 103
126 109 102
125 110 101
124 111 100
123 112 99
122 113 98
121 114 97
120 115 96
119 116 95
118 117 94
1 2 93
4 3 92
5 6 91
8 7 90
9 10 89
12 11 88
13 14 87
16 15 86
17 18 85
20 19 84
21 22 83
24 23 82
25 26 81
28 27 80
29 30 79
32 31 78
33 34 77
36 35 76
37 38 75
40 39 74
41 42 73
44 43 72
45 46 71
48 47 70
49 50 69
52 51 68
53 54 67
56 55 66
57 58 65
60 59 64
61 62 63
6 1 2
5 4 3
45 44 43
46 47 42
49 48 41
50 51 40
53 52 39
54 55 38
57 56 37
58 59 36
61 60 35
62 63 34
65 64 33
66 67 32
69 68 31
70 71 30
73 72 29
74 75 28
77 76 27
78 79 26
81 80 25
82 83 24
85 84 23
86 87 22
89 88 21
90 91 20
93 92 19
94 95 18
97 96 17
98 99 16
101 100 15
102 103 14
105 104 13
106 107 12
109 108 11
110 111 10
113 112 9
114 115 8
117 116 7
118 119 6
121 120 5
122 123 4
125 124 3
126 127 2
129 128 1
24 23 22 21 20 19 18 17 16 15 14 13 12 11 10 9 8 7 6 5 4 3 2 1 126 125 124 123 122 121 120 119 118 117 116 115 114 113 112 111 110 109
25 28 29 32 33 36 37 40 41 44 45 48 49 52 53 56 57 60 61 64 65 68 69 72 73 76 77 80 81 84 85 88 89 92 93 96 97 100 101 104 105 108
26 27 30 31 34 35 38 39 42 43 46 47 50 51 54 55 58 59 62 63 66 67 70 71 74 75 78 79 82 83 86 87 90 91 94 95 98 99 102 103 106 107
101 102 103 104 105 106 107 108 109 110 111 112 113 114 115 116 117 118 119 120 121 122 123 124 125 126 127 128 129 130 131 132 133 134 135 136 137 138 139 140 141 142 143
100 13 12 11 10 9 8 7 6 5 4 3 2 1 172 171 170 169 168 167 166 165 164 163 162 161 160 159 158 157 156 155 154 153 152 151 150 149 148 147 146 145 144
99 14 15 16 17 18 19 20 21 22 23 24 25 26 27 28 29 30 31 32 33 34 35 36 37 38 39 40 41 42 43 44 45 46 47 48 49 50 51 52 53 54 55
98 97 96 95 94 93 92 91 90 89 88 87 86 85 84 83 82 81 80 79 78 77 76 75 74 73 72 71 70 69 68 67 66 65 64 63 62 61 60 59 58 57 56
114 113 112 111
115 26 27 110
116 25 28 109
117 24 29 108
118 23 30 107
119 22 31 106
120 21 32 105
121 20 33 104
122 19 34 103
123 18 35 102
124 17 36 101
125 16 37 100
126 15 38 99
127 14 39 98
128 13 40 97
129 12 41 96
130 11 42 95
131 10 43 94
132 9 44 93
133 8 45 92
134 7 46 91
135 6 47 90
136 5 48 89
137 4 49 88
138 3 50 87
139 2 51 86
140 1 52 85
141 172 53 84
142 171 54 83
143 170 55 82
144 169 56 81
145 168 57 80
146 167 58 79
147 166 59 78
148 165 60 77
149 164 61 76
150 163 62 75
151 162 63 74
152 161 64 73
153 160 65 72
154 159 66 71
155 158 67 70
156 157 68 69
32 31 30 29 28 27 26 25
33 44 45 56 1 12 13 24
34 43 46 55 2 11 14 23
35 42 47 54 3 10 15 22
36 41 48 53 4 9 16 21
37 40 49 52 5 8 17 20
38 39 50 51 6 7 18 19
45 44 43
46 47 42
49 48 41
50 51 40
53 52 39
54 55 38
57 56 37
58 59 36
61 60 35
62 63 34
65 64 33
66 67 32
69 68 31
70 71 30
73 72 29
74 75 28
77 76 27
78 79 26
81 80 25
82 83 24
85 84 23
86 87 22
89 88 21
90 91 20
93 92 19
94 95 18
97 96 17
98 99 16
101 100 15
102 103 14
105 104 13
106 107 12
109 108 11
110 111 10
113 112 9
114 115 8
117 116 7
118 119 6
121 120 5
122 123 4
125 124 3
126 127 2
129 128 1
100 101 102 103 104 105 106 107 108 109 110 111 112 113 114 115 116 117 118 119 120 121 122 123 124 125 126 127 128 129 130 131 132 133 134 135 136 137 138 139 140 141 142
99 12 11 10 9 8 7 6 5 4 3 2 1 172 171 170 169 168 167 166 165 164 163 162 161 160 159 158 157 156 155 154 153 152 151 150 149 148 147 146 145 144 143
98 13 14 15 16 17 18 19 20 21 22 23 24 25 26 27 28 29 30 31 32 33 34 35 36 37 38 39 40 41 42 43 44 45 46 47 48 49 50 51 52 53 54
97 96 95 94 93 92 91 90 89 88 87 86 85 84 83 82 81 80 79 78 77 76 75 74 73 72 71 70 69 68 67 66 65 64 63 62 61 60 59 58 57 56 55
42 43 44 45 46 47 48 49
41 56 55 54 53 52 51 50
40 57 58 59 60 61 62 63
39 6 5 4 3 2 1 64
38 7 8 9 10 11 12 13
37 20 19 18 17 16 15 14
36 21 22 23 24 25 26 27
35 34 33 32 31 30 29 28
81 82 89 90 97 98 105 106 113 114 115 116 117 118 119 120 121 122 123 124 125 126 127 128 129 130 131 132 133 134 135 136 137 138 139 140 141 142 143 144 145 146 147
80 83 88 91 96 99 104 107 112 181 180 179 178 177 176 175 174 173 172 171 170 169 168 167 166 165 164 163 162 161 160 159 158 157 156 155 154 153 152 151 150 149 148
79 84 87 92 95 100 103 108 111 182 183 184 185 186 187 188 189 190 191 192 193 194 195 196 197 198 199 200 201 202 203 204 205 206 207 208 209 210 211 212 213 214 215
78 85 86 93 94 101 102 109 110 1 2 3 4 5 6 7 8 9 10 11 12 13 14 15 16 17 18 19 20 21 22 23 24 25 26 27 28 29 30 31 32 33 34
77 76 75 74 73 72 71 70 69 68 67 66 65 64 63 62 61 60 59 58 57 56 55 54 53 52 51 50 49 48 47 46 45 44 43 42 41 40 39 38 37 36 35
70 69 68 67
71 154 155 66
72 153 156 65
73 152 157 64
74 151 158 63
75 150 159 62
76 149 160 61
77 148 161 60
78 147 162 59
79 146 163 58
80 145 164 57
81 144 165 56
82 143 166 55
83 142 167 54
84 141 168 53
85 140 169 52
86 139 170 51
87 138 171 50
88 137 172 49
89 136 1 48
90 135 2 47
91 134 3 46
92 133 4 45
93 132 5 44
94 131 6 43
95 130 7 42
96 129 8 41
97 128 9 40
98 127 10 39
99 126 11 38
100 125 12 37
101 124 13 36
102 123 14 35
103 122 15 34
104 121 16 33
105 120 17 32
106 119 18 31
107 118 19 30
108 117 20 29
109 116 21 28
110 115 22 27
111 114 23 26
112 113 24 25
51 48 47
50 49 46
1 2 45
4 3 44
5 6 43
8 7 42
9 10 41
12 11 40
13 14 39
16 15 38
17 18 37
20 19 36
21 22 35
24 23 34
25 26 33
28 27 32
29 30 31
59 58 57 56 55 54 53 52 51 50 49 48 47 46 45 44 43 42
60 67 68 75 76 83 84 1 2 9 10 17 18 25 26 33 34 41
61 66 69 74 77 82 85 90 3 8 11 16 19 24 27 32 35 40
62 65 70 73 78 81 86 89 4 7 12 15 20 23 28 31 36 39
63 64 71 72 79 80 87 88 5 6 13 14 21 22 29 30 37 38
45 44 43
46 47 42
49 48 41
50 51 40
53 52 39
54 55 38
57 56 37
58 59 36
61 60 35
62 63 34
65 64 33
66 67 32
69 68 31
70 71 30
73 72 29
74 75 28
77 76 27
78 79 26
81 80 25
82 83 24
85 84 23
86 87 22
89 88 21
90 91 20
93 92 19
94 95 18
97 96 17
98 99 16
101 100 15
102 103 14
105 104 13
106 107 12
109 108 11
110 111 10
113 112 9
114 115 8
117 116 7
118 119 6
121 120 5
122 123 4
125 124 3
126 127 2
129 128 1
161 162 169 170 177 178 179 180 181 182 183 184 185 186 187 188 189 190 191 192 193 194 195 196 197 198 199 200 201 202 203 204 205 206 207 208 209 210 211 212 213 214 215
160 163 168 171 176 1 2 3 4 5 6 7 8 9 10 11 12 13 14 15 16 17 18 19 20 21 22 23 24 25 26 27 28 29 30 31 32 33 34 35 36 37 38
159 164 167 172 175 76 75 74 73 72 71 70 69 68 67 66 65 64 63 62 61 60 59 58 57 56 55 54 53 52 51 50 49 48 47 46 45 44 43 42 41 40 39
158 165 166 173 174 77 78 79 80 81 82 83 84 85 86 87 88 89 90 91 92 93 94 95 96 97 98 99 100 101 102 103 104 105 106 107 108 109 110 111 112 113 114
157 156 155 154 153 152 151 150 149 148 147 146 145 144 143 142 141 140 139 138 137 136 135 134 133 132 131 130 129 128 127 126 125 124 123 122 121 120 119 118 117 116 115
50 51 52
49 54 53
48 55 56
47 58 57
46 59 60
45 62 61
44 63 64
43 66 65
42 67 68
41 70 69
40 71 72
39 74 73
38 75 76
37 78 77
36 79 80
35 82 81
34 83 84
33 86 85
32 87 88
31 90 89
30 91 92
29 94 93
28 95 96
27 98 97
26 99 100
25 102 101
24 103 104
23 106 105
22 107 108
21 110 109
20 111 112
19 114 113
18 115 116
17 118 117
16 119 120
15 122 121
14 123 124
13 126 125
12 1 2
11 4 3
10 5 6
9 8 7
215 214 213 212 211 210 209 208 207 206 205 204 203 202 201 200 199 198 197 196 1 8 9 16 17 24 25 32 33 40 41 48 49 56 57 64 65 72 73 80 81 88 89
176 177 178 179 180 181 182 183 184 185 186 187 188 189 190 191 192 193 194 195 2 7 10 15 18 23 26 31 34 39 42 47 50 55 58 63 66 71 74 79 82 87 90
175 174 173 172 171 170 169 168 167 166 165 164 163 162 161 160 159 158 157 156 3 6 11 14 19 22 27 30 35 38 43 46 51 54 59 62 67 70 75 78 83 86 91
136 137 138 139 140 141 142 143 144 145 146 147 148 149 150 151 152 153 154 155 4 5 12 13 20 21 28 29 36 37 44 45 52 53 60 61 68 69 76 77 84 85 92
135 134 133 132 131 130 129 128 127 126 125 124 123 122 121 120 119 118 117 116 115 114 113 112 111 110 109 108 107 106 105 104 103 102 101 100 99 98 97 96 95 94 93
119 120 127 128 135 136 143 144 151 152 159 160 167 168 175 176 183 184 191 192 193 194 195 196 197 198 199 200 201 202 203 204 205 206 207 208 209 210 211 212 213 214 215
118 121 126 129 134 137 142 145 150 153 158 161 166 169 174 177 182 185 190 1 2 3 4 5 6 7 8 9 10 11 12 13 14 15 16 17 18 19 20 21 22 23 24
117 122 125 130 133 138 141 146 149 154 157 162 165 170 173 178 181 186 189 48 47 46 45 44 43 42 41 40 39 38 37 36 35 34 33 32 31 30 29 28 27 26 25
116 123 124 131 132 139 140 147 148 155 156 163 164 171 172 179 180 187 188 49 50 51 52 53 54 55 56 57 58 59 60 61 62 63 64 65 66 67 68 69 70 71 72
115 114 113 112 111 110 109 108 107 106 105 104 103 102 101 100 99 98 97 96 95 94 93 92 91 90 89 88 87 86 85 84 83 82 81 80 79 78 77 76 75 74 73
29 28 27 26 25 24 23 22 21 20 19 18 17 16 15 14 13 12 11 10 9 8 7 6 5 4 3 2 1 126 125 124 123 122 121 120 119 118 117 116 115 114
30 33 34 37 38 41 42 45 46 49 50 53 54 57 58 61 62 65 66 69 70 73 74 77 78 81 82 85 86 89 90 93 94 97 98 101 102 105 106 109 110 113
31 32 35 36 39 40 43 44 47 48 51 52 55 56 59 60 63 64 67 68 71 72 75 76 79 80 83 84 87 88 91 92 95 96 99 100 103 104 107 108 111 112
131 130 129 126 125
132 133 128 127 124
135 134 1 2 123
136 137 4 3 122
139 138 5 6 121
140 141 8 7 120
143 142 9 10 119
144 145 12 11 118
147 146 13 14 117
148 149 16 15 116
151 150 17 18 115
152 153 20 19 114
155 154 21 22 113
156 157 24 23 112
159 158 25 26 111
160 161 28 27 110
163 162 29 30 109
164 165 32 31 108
167 166 33 34 107
168 169 36 35 106
171 170 37 38 105
172 173 40 39 104
175 174 41 42 103
176 177 44 43 102
179 178 45 46 101
180 181 48 47 100
183 182 49 50 99
184 185 52 51 98
187 186 53 54 97
188 189 56 55 96
191 190 57 58 95
192 193 60 59 94
195 194 61 62 93
196 197 64 63 92
199 198 65 66 91
200 201 68 67 90
203 202 69 70 89
204 205 72 71 88
207 206 73 74 87
208 209 76 75 86
211 210 77 78 85
212 213 80 79 84
215 214 81 82 83
103 104 105 106 107 108 109 110 111 112 113 114 115 116 117 118 119 120 121 122 123 124 125 126 127 128 129 130 131 132 133 134 135 136 137 138 139 140 141 142 143 144
102 17 16 15 14 13 12 11 10 9 8 7 6 5 4 3 2 1 168 167 166 165 164 163 162 161 160 159 158 157 156 155 154 153 152 151 150 149 148 147 146 145
101 18 19 20 21 22 23 24 25 26 27 28 29 30 31 32 33 34 35 36 37 38 39 40 41 42 43 44 45 46 47 48 49 50 51 52 53 54 55 56 57 58
100 99 98 97 96 95 94 93 92 91 90 89 88 87 86 85 84 83 82 81 80 79 78 77 76 75 74 73 72 71 70 69 68 67 66 65 64 63 62 61 60 59
50 51 52 53 54 55 56 57 58 59 60 61 62 63 64 65 66 67 68 69 70 71 72 73 74 75 76 77 78 79 80 81 82 83 84 85 86 87 88 89 90 91 92
49 134 133 132 131 130 129 128 127 126 125 124 123 122 121 120 119 118 117 116 115 114 113 112 111 110 109 108 107 106 105 104 103 102 101 100 99 98 97 96 95 94 93
48 135 136 137 138 139 140 141 142 143 144 145 146 147 148 149 150 151 152 153 154 155 156 157 158 159 160 161 162 163 164 165 166 167 168 169 170 171 172 1 2 3 4
47 46 45 44 43 42 41 40 39 38 37 36 35 34 33 32 31 30 29 28 27 26 25 24 23 22 21 20 19 18 17 16 15 14 13 12 11 10 9 8 7 6 5
51 52 53 54 55 56 57 58 59 60 61 62 63 64 65 66 67 68 69 70 71 72 73 74 75 76 77 78 79 80 81 82 83 84 85 86 87 88 89 90 91 92 93
50 135 134 133 132 131 130 129 128 127 126 125 124 123 122 121 120 119 118 117 116 115 114 113 112 111 110 109 108 107 106 105 104 103 102 101 100 99 98 97 96 95 94
49 136 137 138 139 140 141 142 143 144 145 146 147 148 149 150 151 152 153 154 155 156 157 158 159 160 161 162 163 164 165 166 167 168 169 170 171 172 1 2 3 4 5
48 47 46 45 44 43 42 41 40 39 38 37 36 35 34 33 32 31 30 29 28 27 26 25 24 23 22 21 20 19 18 17 16 15 14 13 12 11 10 9 8 7 6
36 37 38 39 40 41 42 43 44 45 46 47 48 49 50 51 52 53 54 55 56 57 58 59 60 61 62 63 64 65 66 67 68 69 70 71 72 73 74 75 76 77 78
35 120 119 118 117 116 115 114 113 112 111 110 109 108 107 106 105 104 103 102 101 100 99 98 97 96 95 94 93 92 91 90 89 88 87 86 85 84 83 82 81 80 79
34 121 122 123 124 125 126 127 128 129 130 131 132 133 134 135 136 137 138 139 140 141 142 143 144 145 146 147 148 149 150 151 152 153 154 155 156 157 158 159 160 161 162
33 32 31 30 29 28 27 26 25 24 23 22 21 20 19 18 17 16 15 14 13 12 11 10 9 8 7 6 5 4 3 2 1 172 171 170 169 168 167 166 165 164 163
28 27 26 25 24 23 22 21 20 19 18 17 16 15 14 13 12 11 10 9 8 7 6 5 4 3 2 1 126 125 124 123 122 121 120 119 118 117 116 115 114 113
29 32 33 36 37 40 41 44 45 48 49 52 53 56 57 60 61 64 65 68 69 72 73 76 77 80 81 84 85 88 89 92 93 96 97 100 101 104 105 108 109 112
30 31 34 35 38 39 42 43 46 47 50 51 54 55 58 59 62 63 66 67 70 71 74 75 78 79 82 83 86 87 90 91 94 95 98 99 102 103 106 107 110 111
[32mSuccessfully ran #5.[0m
